62812526498
62812258614
6281290571666
6281291471333
6281291469111
6281291473111
6281291473666
6281291477333
6281287983222
6281287978111
6281290648333
6281368279000
6281279446000
6281270171222
6281292181222
6281287944888
6281286463555
6281365555333
6281399247555
6281371054888
6281264706000
6281394121666
6281352933888
6281352934888
6281399847999
6281261975222
6281267132111
6281261744222
6281261746444
6281260486888
6281370944333
6281398357666
6281398325333
6281398326888
6281272238999
6281398337888
6281398338555
6281398287333
6281398286444
6281299455511
6281289845999
6281277012555
6281398433999
6281381314000
6281386804333
6281386805333
6281270664555