62812243101
62812241671
62812241610
62812241600
62812241651
62812241590
62812241580
62812241641
62812241631
62812241621
62812241619
62812241608
62812241598
62812241659
62812241649
62812241588
62812241578
62812241639
62812241629
62812241669
62812241620
62812241609
62812241599
62812241660
62812241589
62812241579
62812241640
62812241630
62812241611
62812241601
62812241652
62812241591
62812241581
62812241617
62812241606
62812241596
62812241657
62812241647
62812241586
62812241637
62812241627
62812241677
62812241667
62812604051
62812241614
62812241604
62812241655
62812241645
62812241594
62812241584
62812241635
62812241625
62812241675
62812241665
62812241615
62812241605
62812241656
62812241646
62812241595
62812241585
62812241636
62812241626
62812241676
62812241642
62812241632
62812241622
62812241662
62812241672
62812604061
62812241613
62812241603
62812241654
62812241644
62812241593
62812241583
62812241634
62812241624
62812241664
62812241674
62812604029
62812241618
62812241607
62812241597
62812241658
62812241648
62812241587
62812241638
62812241628
62812241668
62812241612
62812241602
62812241653
62812241643
62812241592
62812241582
62812241633
62812241623
62812241663
62812241673
62812241670
62812241650
62812492932
62812492981
62812492931
62812579563
62812579543
62812579553
62812579482
62812579472
62812579503
62812579492
62812579533
62812579523
62812579513
62812579570
62812579540
62812579550
62812579560
62812579500
62812579489
62812579479
62812579530
62812579510
62812579520
62812579561
62812579541
62812579551
62812579470
62812579501
62812579490
62812579480
62812579531
62812579511
62812579521
62812579554
62812579473
62812579504
62812579493
62812579483
62812579534
62812579524
62812579514
62812579565
62812579545
62812579484
62812579474
62812579505
62812579535
62812579525
62812579515
62812579562
62812579542
62812579552
62812579481
62812579471
62812579491
62812579532
62812579522
62812579512
62812579502
62812492921
62812579497
62812579486
62812579527
62812579517
62812579507
62812579537
62812579558
62812579568
62812579548
62812579477
62812579508
62812579487
62812579498
62812579528
62812579538
62812579518
62812579569
62812579549
62812579539
62812579478
62812579509
62812579499
62812579488
62812579529
62812579519
62812579564
62812579544
62812579566
62812579546
62812579556
62812579485
62812579475
62812579506
62812579496
62812579536
62812579526
62812579516
62812579547
62812579557
62812579476
62812967135
62812967145
62812967155
62812967064
62812967075
62812967085
62812967095
62812967105
62812967115
62812967125
62812967126
62812967136
62812967146
62812967156
62812967065
62812967076
62812967086
62812967096
62812967106
62812967116
62812967134
62812967144
62812967154
62812967063
62812967074
62812967084
62812967094
62812967104
62812967114
62812967124
62812967133
62812967143
62812967153
62812967163
62812967073
62812967083
62812967093
62812967103
62812967113
62812581985
62812581995
62812581986
62812581966
62812581976
62812967131
62812967141
62812967151
62812967161
62812967081
62812967091
62812967101
62812967121
62812967122
62812967132
62812967142
62812967152
62812967162
62812967072
62812967082
62812967092
62812967102
62812967112
62812967127
62812967137
62812967147
62812967157
62812967066
62812967077
62812967087
62812967097
62812967107
62812967138
62812967148
62812967158
62812967067
62812967078
62812967088
62812967098
62812967108
62812967118
62812967129
62812967139
62812967149
62812967159
62812967068
62812967079
62812967089
62812967150
62812967099
62812967109
62812967119
62812967130
62812967140
62812967160
62812967069
62812967080
62812967090
62812967100
62812967110
62812967120
62812895994
62812895998
62812895997
62812248986
62812248977
62812248987
62812702192
62812702182
62812702101
62812702162
62812702152
62812702142
62812702132
62812702172
62812702191
62812702181
62812702171
62812702161
62812702151
62812702141
62812702131
62812702120
62812702110
62812702100
62812702193
62812702183
62812702163
62812702153
62812702143
62812702102
62812702173
62812702194
62812702184
62812702164
62812702154
62812702144
62812702134
62812702124
62812702113
62812702103
62812702174
62812702186
62812702176
62812702166
62812702156
62812702146
62812702136
62812702126
62812702115
62812702105
62812702196
62812702195
62812702185
62812702175
62812702165
62812702155
62812702145
62812702135
62812702125
62812702114
62812702104
62812702187
62812702177
62812702167
62812702157
62812702147
62812702137
62812702127
62812702116
62812702106
62812702197
62812702188
62812702178
62812702158
62812702148
62812702138
62812702117
62812702107
62812702198
62812702190
62812702180
62812702170
62812702160
62812702150
62812702201
62812702140
62812702119
62812702109
62812702130
62812702179
62812702169
62812702159
62812702149
62812702139
62812702118
62812702108
62812702129
62812702199
62812702189
62812702133
62812702327
62812702316
62812702367
62812702407
62812702397
62812702377
62812702387
62812702357
62812702347
62812702337
62812702338
62812702317
62812702368
62812702408
62812702378
62812702388
62812702358
62812702348
62812702398
62812702329
62812702318
62812702369
62812702409
62812702399
62812702339
62812702379
62812702389
62812702359
62812702349
62812702331
62812702320
62812702371
62812702411
62812702401
62812702391
62812702381
62812702351
62812702341
62812702361
62812702374
62812702354
62812702344
62812702313
62812702335
62812702325
62812702365
62812702405
62812702395
62812702385
62812702314
62812702330
62812702319
62812702370
62812702410
62812702400
62812702380
62812702360
62812702390
62812702350
62812702340
62812702336
62812702326
62812702315
62812702366
62812702406
62812702396
62812702376
62812702386
62812702356
62812702346
62812895993
62812895996
62812895990
62812895991
62812895992
62812702355
62812702375
62812702321
62812702402
62812702392
62812702362
62812702382
62812702352
62812702342
62812702311
62812702322
62812702363
62812702403
62812702393
62812702383
62812702373
62812702353
62812702343
62812702312
62812702334
62812702364
62812702404
62812702394
62812702384
62812702372
62812657852
62812657872
62812657832
62812657822
62812657883
62812657842
62812657802
62812657791
62812657863
62812657853
62812657873
62812657823
62812657884
62812657843
62812657833
62812657813
62812657803
62812657792
62812657849
62812657787
62812657839
62812657809
62812657798
62812657870
62812657860
62812657850
62812657830
62812657820
62812657881
62812657840
62812657810
62812657800
62812657861
62812657851
62812657871
62812657831
62812657821
62812657882
62812657841
62812657811
62812657801
62812657790
62812657862
62812657867
62812657827
62812657877
62812657785
62812657847
62812657837
62812657817
62812657807
62812657796
62812657868
62812657858
62812657818
62812657786
62812657848
62812657838
62812657808
62812657797
62812657869
62812657859
62812657829
62812657819
62812657880
62812657857
62812657865
62812657844
62812657782
62812657824
62812657874
62812657854
62812657864
62812896044
62812896034
62812896043
62812896033
62812896023
62812657855
62812657825
62812657875
62812657783
62812657845
62812657835
62812657815
62812657794
62812657834
62812657814
62812657804
62812657793
62812657866
62812657856
62812657826
62812657784
62812657876
62812657846
62812657836
62812657816
62812657795
62812657806
62812958422
62812958412
62812958452
62812958442
62812958472
62812958462
62812958461
62812958503
62812958482
62812958471
62812958421
62812958411
62812958451
62812958441
62812958431
62812958502
62812958492
62812958481
62812958428
62812958408
62812958438
62812958478
62812958468
62812958458
62812958499
62812958489
62812958427
62812958417
62812958407
62812958447
62812958437
62812958432
62812958477
62812958467
62812958457
62812958498
62812958488
62812958420
62812958410
62812958450
62812958440
62812958430
62812958470
62812958460
62812958501
62812958491
62812958480
62812958419
62812958409
62812958449
62812958439
62812958429
62812958479
62812958469
62812958459
62812958500
62812958490
62812958475
62812958465
62812958455
62812958496
62812958486
62812958424
62812958404
62812958414
62812958434
62812958474
62812958464
62812958454
62812958495
62812501467
62812501457
62812501518
62812501507
62812958423
62812958413
62812958403
62812958443
62812958433
62812958473
62812958463
62812958453
62812958494
62812958483
62812958426
62812958406
62812958446
62812958436
62812958476
62812958466
62812958487
62812958425
62812958416
62812958405
62812958415
62812958445
62812958435
62812958497
62812526471
62812526541
62812943264
62812943284
62812943193
62812943203
62812943253
62812943274
62812943212
62812943202
62812943243
62812943263
62812943283
62812943192
62812943273
62812943231
62812943211
62812943242
62812943221
62812943252
62812943262
62812943282
62812943191
62812943201
62812943272
62812943279
62812943289
62812943259
62812943198
62812943208
62812943227
62812943217
62812943238
62812943288
62812943248
62812943258
62812943268
62812943197
62812943207
62812943226
62812943278
62812943247
62812943267
62812943287
62812943257
62812943196
62812943206
62812943277
62812943237
62812943216
62812896094
62812896104
62812896053
62812896064
62812896074
62812943230
62812943210
62812943291
62812943220
62812943241
62812943251
62812943261
62812943281
62812943200
62812943271
62812943229
62812943219
62812943240
62812943250
62812943280
62812943260
62812943270
62812943290
62812943209
62812943199
62812943228
62812943218
62812943239
62812943249
62812943269
62812943266
62812943225
62812943215
62812943246
62812943236
62812943286
62812943256
62812943195
62812943205
62812943276
62812943214
62812943245
62812943265
62812943235
62812943285
62812943255
62812943194
62812943204
62812943275
62812943254
62812943213
62812943244
62812328030
62812328020
62812328060
62812328040
62812328050
62812328070
62812328101
62812328091
62812328029
62812328059
62812328049
62812328069
62812328079
62812328110
62812328100
62812328090
62812328031
62812328021
62812328041
62812328061
62812328051
62812328071
62812328082
62812328112
62812328102
62812328092
62812328032
62812328022
62812328042
62812328062
62812328052
62812328072
62812328083
62812328113
62812328103
62812328093
62812328058
62812328039
62812328038
62812328048
62812328078
62812328068
62812328109
62812328099
62812328089
62812328027
62812328057
62812328037
62812328077
62812328067
62812328047
62812328088
62812328108
62812328098
62812328026
62812328046
62812328036
62812328056
62812328076
62812328087
62812328107
62812328097
62812328025
62812328045
62812328035
62812328055
62812328075
62812328065
62812328086
62812328106
62812328096
62812328066
62812960076
62812960021
62812960032
62812960043
62812960054
62812960078
62812960023
62812960034
62812960045
62812960056
62812328023
62812328043
62812328033
62812328063
62812328053
62812328073
62812328084
62812328104
62812328094
62812328024
62812328044
62812328034
62812328064
62812328054
62812328074
62812328085
62812328105
62812328095
62812283323
62812283312
62812283302
62812283320
62812283249
62812283259
62812283269
62812283299
62812283289
62812283279
62812283288
62812283309
62812283250
62812283270
62812283260
62812283301
62812283280
62812283290
62812283278
62812283321
62812283239
62812283244
62812283254
62812283274
62812283264
62812283294
62812283284
62812283305
62812283316
62812283245
62812283235
62812283265
62812283255
62812283295
62812283275
62812283285
62812283317
62812283306
62812893911
62812893922
62812893963
62812893973
62812893983
62812893932
62812893943
62812283243
62812283253
62812283273
62812283263
62812283293
62812283315
62812283304
62812283225
62812283256
62812283266
62812283296
62812283286
62812283276
62812283318
62812283307
62812283287
62812283247
62812283226
62812283237
62812283257
62812283267
62812283297
62812283277
62812283319
62812283308
62812283310
62812283248
62812283268
62812283238
62812283298
62812283227
62812283258
62812283240
62812283229
62812283242
62812283231
62812283252
62812283272
62812283262
62812283292
62812283325
62812283282
62812283314
62812283303
62812283241
62812283230
62812283261
62812283251
62812283271
62812283291
62812283281
62812283324
62812283313
62812283246
62812495624
62812965629
62812965639
62812965649
62812965598
62812965609
62812965679
62812965689
62812965659
62812965669
62812965618
62812965638
62812965648
62812965597
62812965608
62812410116
62812410061
62812410050
62812965616
62812965677
62812965687
62812965667
62812965626
62812965636
62812965646
62812965595
62812965606
62812965688
62812965658
62812965668
62812965617
62812965627
62812965637
62812965647
62812965596
62812965607
62812410083
62812410094
62812965625
62812965635
62812965645
62812965676
62812965686
62812965696
62812965655
62812965605
62812965615
62812965685
62812965695
62812965654
62812965675
62812965624
62812965634
62812965644
62812965604
62812965614
62812965633
62812965684
62812965694
62812965653
62812965664
62812965674
62812965623
62812965643
62812965603
62812965613
62812965683
62812965693
62812965663
62812965673
62812965622
62812965632
62812965642
62812965652
62812965602
62812965612
62812965682
62812965692
62812965662
62812965672
62812965621
62812965631
62812965641
62812965651
62812965601
62812965611
62812965681
62812965691
62812965661
62812965671
62812965640
62812965650
62812965600
62812965610
62812965630
62812965620
62812965680
62812965690
62812965660
62812965670
62812965619
62812347993
62812347962
62812347942
62812347972
62812347952
62812347932
62812347994
62812347984
62812347963
62812347973
62812347953
62812347951
62812347941
62812347943
62812347971
62812298064
62812347987
62812347961
62812347982
62812347931
62812347995
62812347933
62812347985
62812347964
62812347974
62812347954
62812347944
62812347934
62812347996
62812347986
62812347965
62812347975
62812347955
62812347945
62812347935
62812298050
62812298030
62812298052
62812298022
62812298032
62812298056
62812347927
62812347947
62812298043
62812298053
62812347968
62812347958
62812347978
62812347983
62812298046
62812298036
62812298026
62812298033
62812298023
62812298054
62812298044
62812298034
62812347937
62812298042
62812298072
62812298062
62812347989
62812298055
62812298045
62812298035
62812298025
62812298075
62812298065
62812298073
62812298063
62812347946
62812298024
62812298074
62812347966
62812347976
62812347956
62812347926
62812347936
62812347998
62812347988
62812347957
62812347967
62812347977
62812347928
62812347948
62812347938
62812347991
62812347990
62812347959
62812347949
62812347969
62812347939
62812347929
62812347970
62812347960
62812347981
62812347950
62812347940
62812347930
62812347992
62812280324
62812280283
62812280273
62812280293
62812280314
62812280243
62812280233
62812280253
62812280263
62812280950
62812280960
62812280970
62812280940
62812280295
62812280275
62812280306
62812280316
62812280326
62812280235
62812280245
62812280255
62812280265
62812280285
62812280256
62812280294
62812280264
62812280305
62812280325
62812280315
62812280274
62812280254
62812280244
62812280284
62812280297
62812280277
62812280267
62812280308
62812280318
62812280247
62812280257
62812280287
62812280300
62812280290
62812280311
62812280321
62812280230
62812280240
62812280270
62812280250
62812280260
62812280302
62812280313
62812280323
62812280232
62812280252
62812280262
62812280292
62812280272
62812280282
62812280242
62812280299
62812280289
62812280320
62812280310
62812280249
62812280239
62812280259
62812280269
62812280279
62812280301
62812280312
62812280322
62812280231
62812280251
62812280271
62812280291
62812280261
62812280281
62812280288
62812280298
62812280258
62812280268
62812280309
62812280319
62812280248
62812280238
62812280329
62812280278
62812280296
62812280307
62812280317
62812280327
62812280266
62812280286
62812280236
62812280246
62812280276
62812280241
62812495614
62812495560
62812324405
62812324394
62812324427
62812324416
62812324449
62812324438
62812324471
62812324460
62812324493
62812324482
62812324417
62812324406
62812324395
62812324428
62812324450
62812324439
62812324472
62812324461
62812324494
62812324483
62812324398
62812324431
62812324420
62812324409
62812324453
62812324442
62812324475
62812324464
62812324497
62812324396
62812324429
62812324451
62812324440
62812324418
62812324473
62812324462
62812324484
62812324495
62812324407
62812324404
62812324426
62812324415
62812324448
62812324437
62812324470
62812324459
62812324503
62812324492
62812324481
62812324402
62812324424
62812324413
62812324446
62812324435
62812324468
62812324457
62812324501
62812324490
62812324479
62812324401
62812324412
62812324423
62812324434
62812324478
62812324467
62812324500
62812324489
62812324403
62812324425
62812324414
62812324447
62812324436
62812324469
62812324458
62812324502
62812324491
62812324480
62812324408
62812324397
62812324430
62812324419
62812324443
62812324452
62812324441
62812324474
62812324463
62812324496
62812324485
62812897396
62812897446
62812324432
62812324399
62812324421
62812324410
62812324454
62812324476
62812324465
62812324498
62812324487
62812324486
62812162997
62812162937
62812162947
62812162957
62812162906
62812162916
62812162926
62812162969
62812162979
62812162989
62812162939
62812162949
62812162959
62812162970
62812162980
62812162990
62812162940
62812162950
62812162960
62812162909
62812162919
62812162908
62812162918
62812162974
62812162984
62812162994
62812162934
62812162944
62812162954
62812162964
62812162913
62812162923
62812162968
62812162978
62812162988
62812162998
62812162938
62812162948
62812162958
62812162907
62812162917
62812162927
62812162973
62812162983
62812162993
62812162933
62812162943
62812162953
62812162963
62812162912
62812162922
62812162967
62812162977
62812162987
62812162975
62812162985
62812162995
62812162935
62812162945
62812162955
62812162965
62812162914
62812162924
62812162976
62812162986
62812162996
62812162936
62812162946
62812162956
62812162966
62812162915
62812162925
62812162971
62812162981
62812162991
62812162931
62812162972
62812162982
62812162932
62812162942
62812162952
62812162921
62812162962
62812162911
62812162941
62812162951
62812162961
62812162910
62812162920
62812410082
62812410093
62812410115
62812410060
62812410049
62812410105
62812410038
62812410071
62812410106
62812410039
62812410072
62812162856
62812162886
62812162897
62812162825
62812162836
62812162846
62812162815
62812162866
62812162876
62812162855
62812162885
62812162896
62812162824
62812162835
62812162845
62812162804
62812162814
62812162865
62812162875
62812162899
62812162889
62812162827
62812162838
62812162848
62812162807
62812162817
62812162858
62812162868
62812162878
62812162857
62812162887
62812162898
62812162826
62812162837
62812162847
62812162806
62812162816
62812162867
62812162877
62812162850
62812162901
62812162880
62812162891
62812162830
62812162840
62812162809
62812162819
62812162860
62812162870
62812162900
62812162879
62812162890
62812162839
62812162849
62812162808
62812162818
62812162859
62812162869
62812162852
62812162903
62812162893
62812162832
62812162842
62812162811
62812162821
62812162862
62812162872
62812162851
62812162902
62812162881
62812162892
62812162831
62812162841
62812162810
62812162820
62812162871
62812162861
62812162854
62812162905
62812162884
62812410027
62812162895
62812162823
62812162834
62812162844
62812162813
62812162864
62812162874
62812410070
62812410026
62812410081
62812162853
62812162904
62812162883
62812162894
62812162822
62812162833
62812162843
62812162863
62812162873
62812658612
62812658602
62812658592
62812658581
62812658571
62812658551
62812658541
62812658531
62812658561
62812658521
62812658613
62812658603
62812658593
62812658582
62812658572
62812658562
62812658532
62812658552
62812658542
62812658522
62812658611
62812658601
62812658591
62812658580
62812658570
62812658550
62812658540
62812658560
62812658530
62812658520
62812658608
62812658598
62812658588
62812658577
62812658547
62812658537
62812658557
62812658527
62812658517
62812658607
62812658597
62812658587
62812658576
62812658566
62812658546
62812658536
62812658556
62812658526
62812658516
62812658610
62812658600
62812658590
62812658579
62812658569
62812658549
62812658539
62812658529
62812658519
62812658559
62812658609
62812658599
62812658589
62812658578
62812658568
62812658548
62812658538
62812658518
62812658606
62812658596
62812658575
62812658565
62812658545
62812658535
62812658515
62812658525
62812658605
62812658595
62812658584
62812658574
62812658564
62812658544
62812658534
62812658554
62812658524
62812658514
62812658604
62812658594
62812658583
62812658573
62812658563
62812658543
62812658533
62812658553
62812658523
62812658513
62812173964
62812173991
62812173994
62812173954
62812173974
62812895787
62812895847
62812895837
62812895817
62812895827
62812895807
62812895877
62812895867
62812895796
62812895786
62812895856
62812895846
62812895836
62812895826
62812895806
62812895816
62812638985
62812638996
62812638976
62812638986
62812638997
62812895875
62812895865
62812895794
62812895784
62812895854
62812895844
62812895834
62812895824
62812895804
62812895881
62812895871
62812895861
62812895800
62812895790
62812895850
62812895840
62812895830
62812895820
62812895810
62812895880
62812895870
62812895860
62812895799
62812895849
62812895839
62812895819
62812895829
62812895809
62812895879
62812895869
62812895798
62812895788
62812895848
62812895838
62812895818
62812895808
62812895878
62812895868
62812895857
62812895797
62812895863
62812895792
62812895852
62812895842
62812895832
62812895822
62812895802
62812895833
62812895823
62812895803
62812895813
62812895884
62812895874
62812895864
62812895793
62812895853
62812895843
62812895882
62812895872
62812895862
62812895801
62812895791
62812895851
62812895841
62812895831
62812895821
62812895811
62812895876
62812895866
62812895795
62812895785
62812895855
62812895845
62812895835
62812895825
62812895815
62812895814
62812895883
62812895873
62812241373
62812241312
62812241323
62812241343
62812241292
62812241302
62812241282
62812241354
62812241364
62812241374
62812241314
62812241324
62812241334
62812241344
62812241293
62812241303
62812241283
62812241355
62812241365
62812241375
62812241315
62812241325
62812241335
62812241294
62812241304
62812241284
62812638983
62812638994
62812638975
62812241291
62812241301
62812241281
62812241359
62812241369
62812241308
62812241319
62812241329
62812241339
62812241349
62812241288
62812241298
62812241278
62812241360
62812241370
62812241309
62812241320
62812241330
62812241340
62812241350
62812241289
62812241299
62812241279
62812241353
62812241363
62812241338
62812241348
62812241297
62812241277
62812241287
62812241361
62812241371
62812241310
62812241321
62812241341
62812241351
62812241290
62812241300
62812241280
62812241352
62812241362
62812241372
62812241311
62812241322
62812241332
62812241342
62812241356
62812241366
62812241305
62812241316
62812241326
62812241336
62812241346
62812241295
62812241275
62812241285
62812241357
62812241367
62812241306
62812241317
62812241327
62812241337
62812241347
62812241296
62812241276
62812241286
62812241358
62812241368
62812241307
62812241318
62812241328
62812328188
62812328177
62812328147
62812328157
62812328127
62812328117
62812328137
62812328167
62812328208
62812328198
62812328187
62812328176
62812328146
62812328156
62812328126
62812328116
62812328136
62812328166
62812328207
62812328197
62812638964
62812638974
62812638984
62812638995
62812638965
62812328185
62812328174
62812328144
62812328154
62812328124
62812328114
62812328134
62812328164
62812328205
62812328195
62812328169
62812328200
62812328210
62812328189
62812328178
62812328148
62812328158
62812328138
62812328199
62812328209
62812328186
62812328175
62812328145
62812328155
62812328125
62812328115
62812328135
62812328165
62812328206
62812328196
62812328121
62812328151
62812328141
62812328171
62812328202
62812328212
62812328191
62812328180
62812328150
62812328160
62812328130
62812328120
62812328140
62812328170
62812328201
62812328211
62812328190
62812328179
62812328149
62812328159
62812328129
62812328119
62812328139
62812328194
62812328184
62812328173
62812328214
62812328143
62812328163
62812328133
62812328153
62812328204
62812328193
62812328183
62812328142
62812328162
62812328132
62812328122
62812328152
62812328172
62812328203
62812328213
62812328192
62812328161
62812328131
62812496182
62812496172
62812496212
62812496202
62812496252
62812496242
62812496232
62812293938
62812293978
62812293988
62812293968
62812293958
62812496208
62812496198
62812496248
62812496238
62812496228
62812496218
62812496258
62812496189
62812496179
62812496169
62812496209
62812496199
62812496259
62812496249
62812496239
62812496229
62812496219
62812496190
62812496180
62812496170
62812496210
62812496200
62812496260
62812496250
62812496240
62812496230
62812496220
62812496191
62812496181
62812496171
62812496211
62812496201
62812496261
62812496251
62812496241
62812496231
62812496221
62812496192
62812496225
62812496235
62812496215
62812496196
62812496186
62812496176
62812496166
62812496206
62812496256
62812496246
62812496236
62812496216
62812496187
62812496177
62812496167
62812496207
62812496197
62812496257
62812496247
62812496237
62812496227
62812496217
62812496188
62812496178
62812496193
62812496183
62812496173
62812496163
62812496203
62812496253
62812496243
62812496233
62812496223
62812496213
62812496194
62812496184
62812496174
62812496164
62812496204
62812496254
62812496244
62812496224
62812496214
62812496195
62812496185
62812496175
62812496165
62812496205
62812496255
62812496245
62812364674
62812364684
62812364694
62812364724
62812364704
62812364714
62812364744
62812364755
62812364734
62812364675
62812364685
62812364695
62812364725
62812364665
62812364705
62812364715
62812364745
62812364756
62812364735
62812364716
62812364706
62812364757
62812364726
62812364746
62812364736
62812364677
62812364687
62812364717
62812364667
62812364707
62812364758
62812364727
62812364697
62812364737
62812364688
62812364718
62812364668
62812364708
62812364759
62812364728
62812364698
62812364749
62812364738
62812364679
62812364689
62812364719
62812364669
62812364709
62812364760
62812364729
62812364699
62812364750
62812364739
62812364680
62812364690
62812364720
62812364670
62812364710
62812364761
62812364700
62812364751
62812364730
62812364740
62812364681
62812364691
62812364721
62812364671
62812364711
62812364762
62812364701
62812364741
62812364752
62812364731
62812364682
62812364692
62812364722
62812364672
62812364702
62812364712
62812364763
62812364742
62812364753
62812364732
62812364673
62812364683
62812364693
62812364723
62812364703
62812364713
62812364743
62812364754
62812364733
62812354039
62812354065
62812354071
62812354029
62812354067
62812354056
62812354072
62812364764
62812361622
62812361623
62812361633
62812361663
62812361673
62812361643
62812361653
62812361602
62812361612
62812361582
62812361592
62812361615
62812361585
62812361605
62812361595
62812361614
62812361625
62812361665
62812361675
62812361645
62812361655
62812361604
62812361635
62812361584
62812361634
62812361624
62812361664
62812361674
62812361654
62812361644
62812361679
62812361659
62812361649
62812361639
62812361598
62812361608
62812361588
62812361620
62812361630
62812361670
62812361603
62812361613
62812361583
62812361593
62812361632
62812361652
62812361662
62812361642
62812361611
62812361581
62812361591
62812361672
62812361601
62812365391
62812365401
62812365411
62812365421
62812365431
62812361627
62812361667
62812361677
62812361647
62812361657
62812361596
62812361637
62812361586
62812361618
62812361628
62812361668
62812361648
62812361658
62812361597
62812361607
62812361638
62812361587
62812361619
62812361629
62812361669
62812361680
62812361660
62812361640
62812361650
62812361599
62812361609
62812361589
62812361621
62812361631
62812361681
62812361671
62812361641
62812361651
62812361600
62812361610
62812361590
62812365400
62812365410
62812365420
62812365430
62812365361
62812526488
62812775932
62812775942
62812775952
62812775963
62812775872
62812775882
62812775893
62812775903
62812775913
62812775923
62812775933
62812775943
62812775953
62812775964
62812775873
62812775883
62812775894
62812775904
62812775914
62812775924
62812775934
62812775944
62812775954
62812775965
62812775875
62812775896
62812775906
62812775916
62812775926
62812775936
62812775946
62812775967
62812775956
62812775935
62812775955
62812775966
62812775869
62812775879
62812775890
62812775900
62812775910
62812775920
62812775930
62812775940
62812775950
62812775961
62812775870
62812775880
62812775891
62812775901
62812775911
62812775921
62812775931
62812775941
62812775951
62812775962
62812775871
62812775881
62812775892
62812775902
62812775912
62812775922
62812775877
62812775887
62812775898
62812775908
62812775918
62812775928
62812775938
62812775948
62812775958
62812775868
62812775878
62812775889
62812775899
62812775909
62812775919
62812775929
62812775939
62812775949
62812775874
62812775884
62812775895
62812775905
62812775915
62812775945
62812775925
62812365390
62812365360
62812775876
62812775957
62812775947
62812775937
62812775927
62812775917
62812775897
62812775907
62812775886
62812775866
62812775867
62812412302
62812412312
62812412322
62812412363
62812412393
62812412343
62812412383
62812412353
62812412373
62812412303
62812412313
62812412364
62812412394
62812412334
62812412384
62812412344
62812412354
62812412374
62812412304
62812412314
62812412365
62812412395
62812412335
62812412325
62812412375
62812412385
62812412355
62812412305
62812412315
62812412366
62812412396
62812412336
62812412326
62812412376
62812412386
62812412346
62812412356
62812412306
62812412316
62812412357
62812412367
62812412397
62812412337
62812412327
62812412377
62812412387
62812412347
62812412307
62812412317
62812412358
62812412368
62812412398
62812412338
62812412328
62812412378
62812412388
62812412348
62812412318
62812412359
62812412389
62812412399
62812412369
62812412339
62812412329
62812412379
62812412349
62812412308
62812412309
62812412370
62812412360
62812412390
62812412400
62812412340
62812412330
62812412380
62812412319
62812412350
62812412310
62812412361
62812412391
62812412401
62812412341
62812412331
62812412381
62812412320
62812412351
62812412371
62812412311
62812412362
62812412392
62812412402
62812412342
62812412382
62812412321
62812412352
62812412372
62812412051
62812412031
62812412061
62812412041
62812644255
62812644235
62812644286
62812644265
62812644315
62812644296
62812644245
62812644275
62812644305
62812644285
62812644295
62812644306
62812644325
62812644309
62812644258
62812644318
62812644328
62812644268
62812644237
62812644278
62812644288
62812644298
62812644308
62812644236
62812644247
62812644257
62812644317
62812644327
62812644267
62812644287
62812644297
62812644307
62812644246
62812644326
62812644266
62812644276
62812644256
62812644316
62812644277
62812644299
62812225091
62812225101
62812225061
62812225081
62812225030
62812225040
62812644254
62812644264
62812644314
62812644324
62812644274
62812644284
62812644294
62812644304
62812644253
62812644241
62812644263
62812644323
62812644273
62812644283
62812644303
62812644293
62812644313
62812644252
62812644262
62812644322
62812644332
62812644272
62812644282
62812644302
62812644312
62812644292
62812644271
62812644291
62812644301
62812644311
62812644250
62812644260
62812644320
62812644330
62812644270
62812644239
62812644280
62812644290
62812644300
62812644310
62812644249
62812644329
62812644259
62812644319
62812644269
62812644279
62812644289
62812644238
62812644281
62812644240
62812644251
62812644261
62812644331
62812644321
62812896514
62812896524
62812896534
62812896606
62812896564
62812896584
62812896594
62812896543
62812896553
62812896513
62812896523
62812896533
62812896605
62812896563
62812896574
62812896546
62812896516
62812896526
62812896536
62812896608
62812896576
62812896586
62812896596
62812896545
62812896515
62812896525
62812896535
62812896607
62812896575
62812896585
62812896595
62812896544
62812896554
62812896597
62812896593
62812896552
62812896572
62812896582
62812896592
62812896551
62812896521
62812896531
62812896614
62812896561
62812896581
62812896591
62812896550
62812896530
62812896540
62812896602
62812896613
62812896560
62812896571
62812896580
62812896590
62812896520
62812644025
62812644024
62812644023
62812644022
62812644021
62812896522
62812896542
62812896604
62812896541
62812896615
62812896532
62812896562
62812896603
62812896573
62812896583
62812896549
62812896559
62812896519
62812896529
62812896539
62812896601
62812896612
62812896570
62812896579
62812896589
62812896548
62812896558
62812896518
62812896538
62812896599
62812896610
62812896569
62812896578
62812896588
62812896547
62812896557
62812896517
62812896527
62812896537
62812896598
62812896609
62812896577
62812896587
62812896568
62812896744
62812896775
62812896766
62812896726
62812896736
62812896746
62812896787
62812896797
62812896806
62812896816
62812896755
62812896765
62812896725
62812896735
62812896745
62812896786
62812896796
62812896815
62812896754
62812896764
62812896724
62812896734
62812896785
62812896795
62812896749
62812896759
62812896770
62812896729
62812896739
62812896780
62812896790
62812896799
62812896809
62812896819
62812896748
62812896758
62812896769
62812896738
62812896779
62812896808
62812896818
62812896747
62812896757
62812896727
62812896737
62812896778
62812896788
62812896798
62812896807
62812896817
62812896756
62812644026
62812604076
62812604086
62812644031
62812644030
62812644029
62812644028
62812896804
62812896814
62812896824
62812896753
62812896763
62812896733
62812896743
62812896774
62812896784
62812896794
62812896803
62812896813
62812896823
62812896752
62812896762
62812896732
62812896773
62812896783
62812896793
62812896742
62812896822
62812896751
62812896761
62812896731
62812896741
62812896772
62812896782
62812896792
62812896802
62812896801
62812896811
62812896821
62812896750
62812896760
62812896771
62812896730
62812896740
62812896781
62812896791
62812896800
62812896810
62812896820
62812526783
62812526793
62812526803
62812526813
62812526823
62812526833
62812526843
62812526863
62812526874
62812526784
62812526794
62812526804
62812526814
62812526824
62812526834
62812526844
62812526854
62812526864
62812526875
62812526785
62812526795
62812526805
62812526815
62812526825
62812526835
62812526845
62812526855
62812526865
62812526876
62812526786
62812526796
62812526806
62812526816
62812526826
62812526836
62812526846
62812526856
62812526866
62812526877
62812526787
62812526797
62812526807
62812526817
62812526827
62812526837
62812526847
62812526867
62812526857
62812526878
62812526798
62812526808
62812526818
62812526828
62812526838
62812526848
62812526858
62812526879
62812526788
62812526799
62812526809
62812526819
62812526839
62812526829
62812526849
62812526859
62812526870
62812526880
62812526790
62812526800
62812526810
62812526820
62812526830
62812526840
62812526850
62812526860
62812526871
62812526881
62812526852
62812526882
62812526872
62812526861
62812526851
62812526831
62812526821
62812526811
62812526841
62812526801
62812526791
62812336030
62812336040
62812336050
62812526792
62812526802
62812526822
62812526832
62812526842
62812526862
62812526873
62812526883
62812526520
62812702310
62812702300
62812702245
62812702256
62812702212
62812702289
62812702292
62812702281
62812702270
62812702259
62812702303
62812702237
62812702204
62812702226
62812702248
62812702215
62812702280
62812702269
62812702258
62812702302
62812702236
62812702203
62812702247
62812702225
62812702214
62812702291
62812702279
62812702268
62812702257
62812702301
62812702235
62812702202
62812702246
62812702213
62812702290
62812702220
62812702297
62812702286
62812702283
62812702272
62812702261
62812702305
62812702239
62812702206
62812702250
62812702217
62812702294
62812702273
62812702262
62812702306
62812702240
62812702229
62812702207
62812702251
62812702218
62812702295
62812702284
62812702282
62812702271
62812702260
62812702304
62812702238
62812702205
62812702249
62812702227
62812702293
62812702216
62812702278
62812702267
62812895987
62812895988
62812895989
62812638993
62812702276
62812702265
62812702309
62812702243
62812702232
62812702210
62812702254
62812702221
62812702298
62812702287
62812702274
62812702263
62812702307
62812702241
62812702230
62812702208
62812702252
62812702219
62812702296
62812702285
62812702275
62812702264
62812702308
62812702242
62812702231
62812702209
62812702253
62812523628
62812523649
62812523639
62812523578
62812523588
62812523608
62812523598
62812523618
62812523568
62812523558
62812523650
62812523640
62812523629
62812523579
62812523589
62812523609
62812523599
62812523619
62812523569
62812523559
62812523651
62812523641
62812523630
62812523580
62812523590
62812523610
62812523600
62812523620
62812523570
62812523560
62812523621
62812523652
62812523642
62812523631
62812523581
62812523591
62812523611
62812523601
62812523571
62812523561
62812523622
62812523653
62812523643
62812523632
62812523582
62812523592
62812523602
62812523612
62812523572
62812523562
62812523623
62812523654
62812523644
62812523633
62812523583
62812523593
62812523603
62812523613
62812523573
62812523563
62812523624
62812523655
62812523645
62812523634
62812523584
62812523574
62812523594
62812523604
62812523614
62812523564
62812523625
62812523656
62812523646
62812523635
62812523575
62812523595
62812523585
62812523605
62812523615
62812523565
62812523626
62812523657
62812523647
62812523576
62812523586
62812523606
62812523596
62812523616
62812523566
62812523627
62812523658
62812523648
62812523638
62812523577
62812523587
62812523607
62812523597
62812523617
62812336051
62812336041
62812339320
62812339340
62812339350
62812339310
62812339380
62812339329
62812339369
62812339309
62812339299
62812339359
62812339319
62812339349
62812339379
62812339308
62812339287
62812339307
62812339297
62812339298
62812339358
62812339318
62812339338
62812339348
62812339378
62812339368
62812339328
62812339367
62812339337
62812339286
62812339357
62812339334
62812339294
62812339304
62812339314
62812339364
62812339374
62812339324
62812339344
62812339354
62812339384
62812339362
62812339332
62812339312
62812339291
62812339352
62812339372
62812339322
62812339342
62812339302
62812339382
62812339371
62812339331
62812339301
62812339290
62812339351
62812339321
62812339341
62812339311
62812339381
62812339361
62812339370
62812339289
62812339300
62812339330
62812339360
62812339355
62812506978
62812506997
62812339285
62812506977
62812339317
62812339347
62812339377
62812339327
62812339366
62812339296
62812339306
62812339336
62812339316
62812339305
62812339346
62812339356
62812339376
62812339326
62812339295
62812339284
62812339365
62812339375
62812339315
62812339325
62812339335
62812506987
62812506988
62812506957
62812506998
62812506967
62812339081
62812339021
62812339071
62812339041
62812526490
62812955875
62812955834
62812955844
62812955824
62812955794
62812955804
62812955814
62812955865
62812955854
62812173995
62812173965
62812173975
62812173955
62812173990
62812173972
62812173960
62812955833
62812955843
62812955823
62812955793
62812955864
62812955803
62812955874
62812955884
62812955813
62812955853
62812955835
62812955845
62812955795
62812955815
62812955866
62812955886
62812955876
62812955836
62812955846
62812955816
62812955826
62812955796
62812955806
62812955867
62812955877
62812955887
62812955856
62812955825
62812955837
62812955797
62812955847
62812955817
62812955827
62812955807
62812955868
62812955878
62812955857
62812955838
62812955818
62812955798
62812955808
62812955869
62812955879
62812955890
62812955889
62812955839
62812955849
62812955819
62812955829
62812955799
62812955809
62812955870
62812955880
62812955891
62812955860
62812955840
62812955850
62812955820
62812955830
62812955800
62812955810
62812955871
62812955881
62812955892
62812955861
62812955841
62812955851
62812955821
62812955801
62812955811
62812955872
62812955831
62812955882
62812955893
62812955862
62812955832
62812955842
62812955822
62812955802
62812955873
62812955883
62812955894
62812955852
62812955863
62812506986
62812506985
62812506995
62812506954
62812339204
62812339183
62812339264
62812339254
62812339274
62812339224
62812339214
62812339194
62812339244
62812339265
62812339184
62812339235
62812339225
62812339275
62812339205
62812339195
62812339215
62812339245
62812339255
62812339196
62812339256
62812339206
62812339267
62812339266
62812339276
62812339216
62812339185
62812339277
62812339246
62812339236
62812339226
62812339186
62812339217
62812339197
62812339247
62812339257
62812339227
62812339207
62812339237
62812339187
62812339208
62812339198
62812339238
62812339228
62812339248
62812339268
62812339188
62812339259
62812339249
62812339239
62812339269
62812339279
62812339219
62812339209
62812339199
62812339189
62812339200
62812339260
62812339240
62812339230
62812339210
62812339280
62812339270
62812339220
62812339250
62812339190
62812339211
62812339252
62812339242
62812339282
62812339272
62812339232
62812339213
62812339263
62812339253
62812339283
62812339273
62812339233
62812339203
62812339223
62812339243
62812339278
62812339258
62812339218
62812339221
62812339261
62812339201
62812339231
62812339281
62812339271
62812339241
62812339202
62812339212
62812339262
62812339193
62812364986
62812822924
62812822956
62812822937
62812822946
62812822926
62812822906
62812822950
62812822921
62812822951
62812822952
62812822913
62812822908
62812822940
62812822936
62812966475
62812966485
62812961773
62812961783
62812961743
62812961801
62812961822
62812961811
62812822790
62812822787
62812822931
62812822927
62812822939
62812822943
62812822792
62812822911
62812822793
62812822903
62812961750
62812961760
62812961791
62812961781
62812961761
62812961830
62812961820
62812961742
62812966452
62812966462
62812966473
62812966493
62812822917
62812822919
62812822909
62812822798
62812961751
62812961790
62812966503
62812822907
62812966483
62812822904
62812822932
62812822788
62812822920
62812961762
62812966021
62812966020
62812822938
62812822912
62812822916
62812822933
62812961740
62812822935
62812966442
62812966517
62812966524
62812966434
62812966505
62812966497
62812966507
62812966487
62812966477
62812966436
62812966426
62812966525
62812966495
62812966515
62812966454
62812961772
62812961752
62812961832
62812961833
62812961823
62812961792
62812961782
62812961770
62812961780
62812961810
62812961831
62812961800
62812961821
62812961741
62812961763
62812961753
62812966432
62812961802
62812526551
62812360021
62812360023
62812358313
62812358271
62812358302
62812358261
62812358292
62812358241
62812358281
62812358251
62812358322
62812358332
62812358312
62812358270
62812358301
62812358240
62812358291
62812358250
62812358280
62812358260
62812358331
62812358321
62812358311
62812358320
62812358269
62812358310
62812358290
62812358249
62812358279
62812358259
62812358330
62812358340
62812358300
62812358319
62812358268
62812358309
62812358289
62812358248
62812358278
62812358258
62812358329
62812358339
62812358299
62812358318
62812358267
62812358308
62812358247
62812358277
62812358257
62812358328
62812358298
62812358288
62812358317
62812358266
62812358307
62812358246
62812358276
62812358256
62812358327
62812358337
62812358287
62812358297
62812358316
62812358265
62812358296
62812358245
62812358275
62812358255
62812358326
62812358336
62812358286
62812358306
62812358264
62812358315
62812358295
62812358244
62812358274
62812358285
62812358254
62812358325
62812358335
62812358305
62812358304
62812358294
62812358273
62812358284
62812358324
62812358253
62812358334
62812358263
62812358314
62812358303
62812358242
62812358293
62812358272
62812358252
62812358323
62812360020
62812358262
62812526501
62812148405
62812148415
62812148425
62812148395
62812148385
62812148374
62812148344
62812148364
62812148354
62812148334
62812148404
62812148414
62812148424
62812148394
62812148373
62812148363
62812148353
62812148343
62812148406
62812148416
62812148426
62812148396
62812148386
62812148358
62812148356
62812148375
62812148365
62812148355
62812148335
62812148417
62812148407
62812148427
62812148397
62812148387
62812148376
62812148366
62812148346
62812148336
62812305971
62812305981
62812305991
62812305940
62812148388
62812148337
62812148398
62812148367
62812148377
62812148347
62812148357
62812148327
62812148408
62812148418
62812148409
62812148419
62812148389
62812148399
62812148378
62812148368
62812148348
62812148403
62812148413
62812148423
62812148393
62812148382
62812148372
62812148362
62812148352
62812148332
62812148342
62812148402
62812148422
62812148412
62812148392
62812148371
62812148381
62812148361
62812148351
62812148331
62812148341
62812148328
62812148401
62812148411
62812148421
62812148391
62812148380
62812148370
62812148360
62812148350
62812148330
62812148340
62812148400
62812148410
62812148420
62812148390
62812148379
62812148369
62812148359
62812148349
62812148329
62812148339
62812493966
62812493997
62812585907
62812493987
62812493977
62812493967
62812493995
62812493985
62812493975
62812493965
62812493983
62812493973
62812493963
62812585919
62812585910
62812585920
62812585908
62812585918
62812585900
62812493988
62812493978
62812493968
62812493958
62812493990
62812493980
62812493970
62812493960
62812493992
62812493982
62812493972
62812493962
62812493994
62812493984
62812493974
62812493964
62812493996
62812493986
62812493976
62812585901
62812585921
62812585911
62812585912
62812585922
62812585902
62812585903
62812585923
62812585913
62812585914
62812361047
62812361027
62812361037
62812361057
62812361048
62812361038
62812361028
62812361058
62812361029
62812361049
62812361039
62812361059
62812361020
62812361040
62812361030
62812361050
62812361060
62812361041
62812361021
62812361031
62812361051
62812361061
62812361062
62812361042
62812361022
62812361052
62812361032
62812361046
62812361036
62812361026
62812361056
62812361066
62812361045
62812361033
62812361023
62812361043
62812361053
62812361044
62812361034
62812361024
62812361054
62812361064
62812361035
62812361025
62812361055
62812361065
62812493991
62812493981
62812493971
62812493961
62812493998
62812361063
62812705591
62812705632
62812705622
62812705613
62812705559
62812705570
62812705581
62812705548
62812705537
62812705592
62812705603
62812705633
62812705623
62812705635
62812705619
62812705609
62812705565
62812705554
62812705576
62812705543
62812705532
62812705598
62812705587
62812705629
62812705620
62812705610
62812705578
62812705545
62812705534
62812705600
62812705589
62812705630
62812959985
62812959973
62812959962
62812705617
62812705607
62812705574
62812705563
62812705557
62812705552
62812705530
62812705541
62812705596
62812705585
62812705612
62812705569
62812705558
62812705580
62812705547
62812705536
62812705602
62812705627
62812705618
62812705608
62812705575
62812705564
62812705553
62812705542
62812705531
62812705597
62812705586
62812705614
62812705571
62812705560
62812705582
62812705549
62812705538
62812705593
62812705604
62812705634
62812705624
62812705561
62812705572
62812705615
62812705550
62812705539
62812705594
62812705583
62812705605
62812705625
62812705616
62812705606
62812705562
62812705573
62812705551
62812705540
62812705595
62812705584
62812705636
62812705626
62812705611
62812705568
62812705579
62812705546
62812705535
62812705601
62812705590
62812705631
62812705621
62812643991
62812643961
62812643942
62812643972
62812643950
62812643909
62812643919
62812779079
62812643970
62812643980
62812643990
62812643960
62812779060
62812779080
62812779101
62812779070
62812779030
62812779020
62812779050
62812779059
62812779110
62812779100
62812779089
62812779069
62812643921
62812643931
62812643952
62812643913
62812643933
62812643944
62812643964
62812643974
62812643984
62812643992
62812643962
62812643930
62812643951
62812643910
62812643920
62812643911
62812643941
62812643971
62812643981
62812643966
62812643986
62812643996
62812643956
62812643924
62812643914
62812643987
62812643997
62812643957
62812643925
62812643915
62812643976
62812643935
62812643994
62812643922
62812643953
62812643912
62812643932
62812643943
62812643982
62812643963
62812643973
62812643983
62812643949
62812643928
62812643918
62812643938
62812643969
62812643979
62812643989
62812643959
62812643927
62812643948
62812643917
62812643937
62812643978
62812643968
62812643988
62812643946
62812643929
62812643934
62812643945
62812643965
62812643975
62812643985
62812643995
62812643955
62812643923
62812643954
62812643998
62812643958
62812643926
62812643947
62812643916
62812643977
62812643936
62812643967
62812643858
62812643827
62812643848
62812643878
62812643868
62812643889
62812643837
62812643807
62812643817
62812643829
62812643840
62812643809
62812643859
62812643828
62812643849
62812643879
62812643900
62812643890
62812643869
62812643808
62812643818
62812273985
62812273955
62812273965
62812273995
62812643826
62812643847
62812643857
62812643877
62812643908
62812643867
62812643887
62812643898
62812643836
62812643816
62812643825
62812643846
62812643856
62812643876
62812643907
62812643866
62812643886
62812643897
62812643835
62812643815
62812643824
62812643845
62812643855
62812643875
62812643906
62812643865
62812643885
62812643896
62812643834
62812643814
62812643823
62812643844
62812643854
62812643874
62812643905
62812643864
62812643884
62812643895
62812643833
62812643813
62812643822
62812643843
62812643853
62812643873
62812643904
62812643863
62812643894
62812643832
62812643821
62812643852
62812643872
62812643882
62812643842
62812643903
62812643862
62812643893
62812643831
62812643811
62812643820
62812643851
62812643871
62812643881
62812643841
62812643902
62812643861
62812643892
62812643830
62812643810
62812643819
62812643850
62812643870
62812643880
62812643901
62812643860
62812643891
62812225220
62812225285
62812225275
62812225265
62812225305
62812225215
62812225235
62812225256
62812225276
62812225295
62812225245
62812225267
62812225246
62812225257
62812225216
62812225226
62812225236
62812225286
62812225296
62812225306
62812225266
62812225279
62812225290
62812225302
62812225230
62812225292
62812225232
62812225212
62812225242
62812225240
62812225283
62812225263
62812225273
62812225303
62812225282
62812225272
62812225262
62812225210
62812225261
62812225281
62812225291
62812225218
62812225271
62812225301
62812225231
62812225208
62812225259
62812225248
62812225238
62812225269
62812225250
62812225294
62812225299
62812225289
62812225229
62812225219
62812225209
62812225260
62812225249
62812225239
62812225280
62812225270
62812225300
62812225217
62812704081
62812324959
62812324979
62812225288
62812225298
62812225308
62812225278
62812225268
62812225247
62812225258
62812225297
62812324989
62812225214
62812225255
62812225244
62812225221
62812225211
62812225251
62812225241
62812225293
62812225233
62812225223
62812225213
62812225254
62812225243
62812225284
62812225274
62812225264
62812225304
62812225277
62812324969
62812324938
62812225307
62812225227
62812225287
62812225237
62812306582
62812306646
62812306657
62812306668
62812306613
62812306624
62812306635
62812306591
62812306602
62812306571
62812306581
62812306645
62812306656
62812306612
62812306623
62812306634
62812306590
62812306601
62812306570
62812306649
62812306580
62812306643
62812306654
62812306665
62812306621
62812306632
62812306599
62812306610
62812303117
62812303107
62812306569
62812306579
62812306589
62812306642
62812306653
62812306664
62812306620
62812306631
62812306598
62812306609
62812306568
62812306578
62812306588
62812306660
62812306671
62812306616
62812306627
62812306638
62812306594
62812306605
62812306574
62812306584
62812306648
62812306659
62812306670
62812306615
62812306626
62812306637
62812306593
62812306604
62812306573
62812306583
62812306647
62812306658
62812306669
62812306614
62812306625
62812306636
62812306592
62812306652
62812306663
62812306674
62812306619
62812306630
62812306641
62812306597
62812306608
62812306577
62812306587
62812306651
62812306662
62812306673
62812306618
62812306629
62812306640
62812306596
62812306607
62812306576
62812306586
62812306650
62812306661
62812306672
62812306617
62812306639
62812306575
62812306585
62812306595
62812306606
62812306603
62812306572
62812280500
62812280490
62812280511
62812280460
62812280441
62812280450
62812280480
62812280531
62812280521
62812280471
62812280451
62812280501
62812280461
62812280491
62812280481
62812280522
62812280512
62812280532
62812586831
62812586854
62812586794
62812586855
62812586845
62812280432
62812280472
62812280482
62812280442
62812280513
62812280462
62812280452
62812280492
62812280502
62812280433
62812280463
62812280443
62812280483
62812280453
62812280503
62812280493
62812280514
62812280473
62812280524
62812280454
62812280434
62812280464
62812280474
62812280484
62812280494
62812280435
62812280455
62812280465
62812280495
62812280475
62812280526
62812280507
62812280516
62812280485
62812280436
62812280476
62812280523
62812280466
62812280527
62812280517
62812280486
62812280496
62812280447
62812280467
62812280437
62812280487
62812280477
62812280508
62812280457
62812280525
62812280504
62812280515
62812280445
62812280497
62812280518
62812280448
62812280438
62812280468
62812280509
62812280498
62812280458
62812280478
62812280529
62812280519
62812280488
62812280439
62812280449
62812280499
62812280459
62812280489
62812280510
62812280479
62812280469
62812280530
62812280520
62812280470
62812526552
62812821147
62812821158
62812821169
62812821180
62812821191
62812821202
62812821223
62812821233
62812821243
62812821146
62812821157
62812821179
62812821190
62812821201
62812821211
62812821232
62812821242
62812821145
62812821156
62812821167
62812821178
62812821189
62812821200
62812821210
62812821231
62812821241
62812821150
62812821161
62812821172
62812821183
62812821194
62812821205
62812821216
62812821226
62812821236
62812821246
62812821149
62812821160
62812821171
62812821182
62812821193
62812821204
62812821215
62812821225
62812821235
62812821245
62812821148
62812821159
62812821170
62812821181
62812821192
62812821203
62812821214
62812821244
62812896085
62812896095
62812896105
62812896054
62812896065
62812896075
62812821152
62812821163
62812821174
62812821185
62812821196
62812821207
62812821218
62812821238
62812821248
62812821151
62812821162
62812821173
62812821184
62812821195
62812821206
62812821217
62812821227
62812821237
62812821247
62812821175
62812821186
62812821197
62812821208
62812821219
62812821229
62812821239
62812821142
62812821153
62812821164
62812821143
62812821154
62812821165
62812821176
62812821187
62812821198
62812821209
62812821220
62812821230
62812821240
62812896086
62812225166
62812225186
62812225176
62812225206
62812225126
62812225196
62812225116
62812225136
62812225146
62812225157
62812225187
62812225177
62812225167
62812225207
62812225197
62812704051
62812704061
62812704029
62812704078
62812704071
62812704068
62812225193
62812225113
62812225133
62812225143
62812225164
62812225154
62812225184
62812225174
62812225204
62812225194
62812225114
62812225124
62812225144
62812225134
62812225165
62812225155
62812225185
62812225175
62812225205
62812225195
62812225125
62812225145
62812225135
62812225156
62812225140
62812225130
62812225161
62812225150
62812225181
62812225171
62812225201
62812225191
62812225132
62812225121
62812225141
62812225131
62812225162
62812225182
62812225172
62812225202
62812225192
62812225122
62812225112
62812225142
62812225163
62812225153
62812225183
62812225173
62812225203
62812225107
62812225147
62812225137
62812225158
62812225127
62812225178
62812225198
62812225188
62812225118
62812225159
62812225148
62812225179
62812225169
62812225189
62812225199
62812225119
62812225109
62812225139
62812225129
62812225160
62812225149
62812225170
62812225200
62812225190
62812225120
62812225110
62812225138
62812225108
62812225117
62812225180
62812607736
62812607693
62812607704
62812607715
62812607726
62812607737
62812607673
62812607643
62812607653
62812607663
62812607684
62812607694
62812607705
62812607716
62812607727
62812607738
62812607644
62812607654
62812607724
62812607735
62812607645
62812607651
62812607661
62812607671
62812607682
62812607692
62812607703
62812607714
62812607725
62812607641
62812607642
62812607652
62812607662
62812607672
62812607683
62812607701
62812607712
62812607723
62812607734
62812607638
62812607648
62812607658
62812607668
62812607679
62812607689
62812607699
62812607710
62812607721
62812607732
62812607640
62812607650
62812607660
62812607670
62812607681
62812607691
62812607702
62812607713
62812500023
62812500024
62812500025
62812607636
62812607646
62812607656
62812607687
62812607697
62812607708
62812607719
62812607730
62812607637
62812607647
62812607657
62812607688
62812607698
62812607709
62812607720
62812607731
62812607639
62812607649
62812607659
62812607669
62812607680
62812607690
62812607664
62812607674
62812607685
62812607695
62812607706
62812607717
62812607739
62812607655
62812607665
62812607675
62812607686
62812607696
62812607707
62812607718
62812607729
62812607740
62812500027
62812500021
62812958569
62812958559
62812958529
62812958519
62812958509
62812958549
62812958539
62812958600
62812958590
62812958579
62812958570
62812958560
62812958530
62812958520
62812958510
62812958550
62812958540
62812958601
62812958591
62812958580
62812958562
62812958522
62812958512
62812958552
62812958542
62812958532
62812958603
62812958593
62812958582
62812958572
62812958571
62812958561
62812958521
62812958511
62812958551
62812958541
62812958531
62812958602
62812958592
62812958581
62812958546
62812958536
62812958597
62812958587
62812958527
62812958577
62812958517
62812958507
62812958547
62812958537
62812958598
62812958588
62812958578
62812958568
62812958518
62812958508
62812958548
62812958538
62812958599
62812958589
62812958563
62812958573
62812958523
62812958513
62812958553
62812958543
62812958533
62812958604
62812958594
62812958583
62812501496
62812501466
62812501527
62812501517
62812501506
62812958574
62812958564
62812958524
62812958514
62812958504
62812958554
62812958544
62812958534
62812958595
62812958584
62812958575
62812958565
62812958525
62812958515
62812958505
62812958545
62812958535
62812958596
62812958576
62812958566
62812958557
62812958526
62812958516
62812958506
62812958556
62812137822
62812137832
62812137842
62812137748
62812137759
62812137770
62812137781
62812137792
62812137803
62812137813
62812137823
62812137833
62812137749
62812137771
62812137782
62812137793
62812137804
62812137814
62812137843
62812137760
62812137763
62812137774
62812137752
62812137785
62812137796
62812137807
62812137817
62812944969
62812944959
62812944958
62812944968
62812944978
62812137747
62812137758
62812137769
62812137780
62812137791
62812137802
62812137844
62812137750
62812137761
62812137772
62812137783
62812137815
62812137825
62812137835
62812137845
62812137751
62812137762
62812137784
62812137773
62812137795
62812137806
62812137816
62812137826
62812137836
62812137846
62812137797
62812137808
62812137818
62812137838
62812137848
62812137754
62812137765
62812137776
62812137787
62812137798
62812137809
62812137819
62812137829
62812137839
62812137756
62812137849
62812137767
62812137824
62812137794
62812137834
62812137851
62812137810
62812137820
62812137830
62812137840
62812137850
62812137757
62812137768
62812137779
62812137790
62812137801
62812137811
62812137821
62812137831
62812137841
62812137800
62812137827
62812137837
62812137847
62812137753
62812137764
62812137775
62812137786
62812523338
62812523349
62812523327
62812523253
62812523263
62812523273
62812523283
62812523293
62812523304
62812523315
62812523337
62812523348
62812523326
62812523275
62812523285
62812523295
62812523306
62812523339
62812523350
62812523317
62812523328
62812523255
62812523265
62812523332
62812523343
62812523321
62812523303
62812523314
62812523336
62812523347
62812523325
62812523251
62812523261
62812523271
62812523281
62812523291
62812523313
62812523302
62812523335
62812523346
62812523324
62812523254
62812523264
62812523274
62812523284
62812523294
62812523305
62812523316
62812523297
62812523308
62812523341
62812523319
62812523288
62812523248
62812523258
62812523268
62812523278
62812523298
62812523309
62812523331
62812523342
62812523320
62812523250
62812523260
62812523270
62812523280
62812523290
62812523301
62812523312
62812523323
62812523249
62812523259
62812523269
62812523279
62812523289
62812523299
62812523310
62812365338
62812365348
62812365359
62812365389
62812365399
62812365409
62812365429
62812523246
62812523256
62812523266
62812523276
62812523286
62812523296
62812523307
62812523340
62812523318
62812523329
62812523247
62812523257
62812523267
62812523277
62812523287
