MSISDN
62812492604
62812492594
62812492584
62812492574
62812492564
62812492554
62812492544
62812492534
62812492523
62812492513
62812492605
62812492595
62812492585
62812492575
62812492565
62812492545
62812492535
62812492524
62812492514
62812492606
62812492603
62812492593
62812492583
62812492573
62812492563
62812492553
62812492543
62812492533
62812492517
62812492512
62812492602
62812492561
62812492551
62812492541
62812492531
62812492520
62812824711
62812824681
62812824651
62812492609
62812492599
62812492589
62812492579
62812492569
62812492559
62812492549
62812492529
62812492518
62812492610
62812492600
62812492590
62812492580
62812492576
62812492566
62812492556
62812492546
62812492536
62812492515
62812492607
62812492597
62812492522
62812492558
62812492548
62812492538
62812492587
62812492577
62812492557
62812492547
62812492537
62812492527
62812492516
62812492608
62812492598
62812492530
62812492519
62812492611
62812492591
62812492581
62812492571
62812492521
62812824661
62812587278
62812492596
62812492586
62812492588
62812492578
62812492568
62812492570
62812492560
62812492528
62812492550
62812492540
62812495607
62812492592
62812492582
62812492572
62812492511
62812492562
62812492542
62812492532
62812143533
62812143534
62812143545
62812143565
62812143575
62812143585
62812143544
62812143554
62812143564
62812143574
62812143584
62812143594
62812143604
62812143614
62812143624
62812143452
62812143462
62812143522
62812143532
62812143542
62812143552
62812143562
62812143572
62812143582
62812143592
62812143602
62812143612
62812143622
62812143632
62812143543
62812143563
62812143573
62812143583
62812143593
62812143603
62812143613
62812143623
62812143633
62812143541
62812143551
62812143561
62812143571
62812143581
62812143591
62812143601
62812143611
62812143621
62812143631
62812143540
62812143550
62812143560
62812143570
62812143580
62812143590
62812143600
62812143610
62812143620
62812143630
62812143546
62812143556
62812143566
62812143576
62812143586
62812143596
62812143606
62812143616
62812143626
62812143539
62812143549
62812143559
62812143569
62812143579
62812143589
62812143599
62812143609
62812143619
62812143629
62812143538
62812143548
62812143558
62812143595
62812143605
62812143615
62812143625
62812143537
62812143547
62812143557
62812143577
62812143587
62812143597
62812143607
62812143617
62812143627
62812143568
62812143578
62812143588
62812143598
62812143608
62812143618
62812143628
62812703976
62812703966
62812703997
62812703987
62812949235
62812949225
62812949215
62812949205
62812949195
62812949184
62812949174
62812949164
62812949154
62812949144
62812703965
62812703996
62812703986
62812949153
62812949143
62812949226
62812949216
62812949206
62812949196
62812949175
62812949185
62812949165
62812949155
62812949145
62812949135
62812949207
62812949227
62812949217
62812949197
62812949186
62812949176
62812949166
62812949156
62812949146
62812949136
62812587232
62812949139
62812949138
62812949220
62812949230
62812949210
62812949200
62812949179
62812949169
62812949159
62812949149
62812949137
62812949218
62812949228
62812949208
62812949198
62812949187
62812949177
62812949160
62812949150
62812949140
62812949232
62812949212
62812949181
62812949202
62812949171
62812949161
62812949151
62812949148
62812949167
62812949157
62812949147
62812949219
62812949209
62812949199
62812949188
62812949178
62812949158
62812949204
62812949214
62812949194
62812949163
62812949183
62812949173
62812949231
62812949221
62812949211
62812949201
62812949190
62812949180
62812949170
62812949233
62812949223
62812949213
62812949203
62812949193
62812949182
62812949172
62812949162
62812949152
62812949142
62812854648
62812854658
62812854668
62812854627
62812854637
62812854699
62812854709
62812854719
62812854679
62812854689
62812854649
62812854659
62812854669
62812854628
62812854638
62812854700
62812854710
62812854720
62812854670
62812854680
62812854690
62812854650
62812854660
62812854629
62812854639
62812854701
62812854711
62812854721
62812854671
62812854681
62812854654
62812854623
62812854633
62812854643
62812854705
62812854715
62812854675
62812854685
62812854695
62812854644
62812854655
62812854665
62812854624
62812854634
62812854706
62812854716
62812854686
62812854676
62812854645
62812854656
62812854696
62812854625
62812854635
62812854697
62812854707
62812854717
62812854677
62812854687
62812854657
62812854667
62812854626
62812854636
62812854698
62812854708
62812854718
62812854688
62812854691
62812854651
62812854661
62812854630
62812854640
62812854702
62812854712
62812854672
62812854682
62812854692
62812854652
62812854662
62812854641
62812854621
62812854631
62812330989
62812330980
62812330970
62812330960
62812854703
62812854713
62812854673
62812854683
62812854693
62812854653
62812854663
62812854622
62812854632
62812854642
62812854704
62812854714
62812854674
62812854684
62812854694
62812410736
62812410773
62812410729
62812410748
62812410758
62812410728
62812410738
62812410788
62812410768
62812410820
62812410799
62812410779
62812410759
62812410739
62812410810
62812410769
62812410749
62812410821
62812410800
62812410780
62812410730
62812410740
62812410811
62812410790
62812410760
62812410750
62812410753
62812410765
62812410745
62812410825
62812410815
62812410794
62812410733
62812410766
62812410746
62812410767
62812410818
62812410807
62812410797
62812410757
62812410727
62812410737
62812410747
62812410819
62812410798
62812410778
62812410801
62812410781
62812410731
62812410822
62812824732
62812824677
62812824707
62812824657
62812824667
62812824687
62812410796
62812410806
62812410776
62812410786
62812410756
62812410726
62812410763
62812410743
62812410804
62812410774
62812410784
62812410754
62812410734
62812410764
62812410744
62812410817
62812410816
62812410826
62812410795
62812410805
62812410775
62812410785
62812410755
62812410735
62812410791
62812410761
62812410771
62812410741
62812410751
62812410823
62812410792
62812410802
62812410782
62812410732
62812410813
62812410762
62812410772
62812410742
62812410752
62812410814
62812410824
62812410803
62812410793
62812410783
62812165879
62812165860
62812165869
62812165910
62812165890
62812165900
62812165838
62812165848
62812165920
62812645074
62812645023
62812165878
62812165827
62812165868
62812165909
62812165889
62812165899
62812165837
62812165847
62812165857
62812165919
62812645042
62812645043
62812645033
62812165894
62812165842
62812165852
62812165914
62812165924
62812165883
62812165872
62812165831
62812165862
62812165913
62812165893
62812165841
62812165851
62812165923
62812165882
62812165871
62812165830
62812165902
62812165861
62812165912
62812165892
62812165840
62812165922
62812165881
62812165850
62812165829
62812165901
62812165870
62812165911
62812165891
62812165839
62812165880
62812165849
62812165921
62812165918
62812165877
62812165867
62812165908
62812165887
62812165898
62812165836
62812165846
62812165856
62812165876
62812165866
62812165907
62812165886
62812165897
62812165835
62812165845
62812165855
62812165917
62812165927
62812165875
62812165865
62812165906
62812165896
62812165834
62812165844
62812165854
62812165916
62812165926
62812165874
62812165864
62812165884
62812165895
62812165833
62812165843
62812165853
62812165905
62812165915
62812165925
62812165873
62812165832
62812165904
62812165863
62812709605
62812709615
62812709625
62812709594
62812709665
62812709675
62812709685
62812709640
62812709650
62812709660
62812709610
62812709630
62812709600
62812709620
62812709670
62812709680
62812709690
62812709639
62812709649
62812709659
62812709599
62812709609
62812709619
62812709629
62812709658
62812709608
62812709598
62812709618
62812709668
62812709688
62812709637
62812709647
62812709657
62812709607
62812709617
62812709627
62812709597
62812709667
62812709677
62812709687
62812709632
62812709642
62812709652
62812709679
62812709689
62812490994
62812490974
62812709634
62812709644
62812709654
62812709604
62812709614
62812709624
62812709593
62812709664
62812709674
62812709684
62812709633
62812709643
62812709653
62812709636
62812709646
62812709656
62812709606
62812709616
62812709626
62812709676
62812709686
62812709635
62812709645
62812709655
62812709662
62812709592
62812709602
62812709612
62812709622
62812709591
62812709672
62812709682
62812709641
62812709651
62812709661
62812709601
62812709611
62812709621
62812709590
62812709671
62812709681
62812709631
62812490964
62812490954
62812490944
62812709638
62812709648
62812709603
62812709613
62812709623
62812709663
62812709683
62812709673
62812284053
62812284063
62812284022
62812284032
62812284043
62812284073
62812284083
62812284093
62812284103
62812284113
62812284052
62812284062
62812284021
62812284031
62812284042
62812284072
62812284082
62812284092
62812284102
62812284112
62812284055
62812284065
62812284024
62812284034
62812284045
62812284075
62812284085
62812284105
62812284095
62812284115
62812284054
62812284064
62812284023
62812284033
62812284058
62812284068
62812284027
62812284037
62812284048
62812284078
62812284088
62812284098
62812284108
62812284118
62812284051
62812284061
62812284020
62812284030
62812284071
62812284081
62812284091
62812284101
62812825030
62812825040
62812825061
62812284050
62812284060
62812284029
62812284039
62812284070
62812284044
62812284074
62812284080
62812284090
62812284100
62812284110
62812284120
62812284084
62812284094
62812284104
62812284067
62812284026
62812284036
62812284047
62812284077
62812284087
62812284097
62812284107
62812284117
62812284057
62812284056
62812284066
62812284025
62812284035
62812284046
62812284076
62812284086
62812284096
62812284106
62812284116
62812284049
62812284059
62812284028
62812284038
62812284069
62812284079
62812284089
62812284099
62812284109
62812284119
62812993287
62812993319
62812993237
62812993297
62812993226
62812993247
62812993257
62812993277
62812993267
62812993308
62812993288
62812993320
62812993238
62812993298
62812993227
62812993248
62812993258
62812993278
62812993268
62812993309
62812993289
62812993321
62812993299
62812993228
62812993249
62812993259
62812993250
62812993260
62812993280
62812993270
62812993312
62812993290
62812993324
62812993230
62812993302
62812993241
62812993251
62812993239
62812993323
62812993301
62812993240
62812993229
62812993245
62812993255
62812993285
62812993306
62812993275
62812993286
62812993318
62812993266
62812993236
62812993296
62812993225
62812993246
62812993256
62812993307
62812993276
62812349941
62812349974
62812349985
62812349930
62812526558
62812993291
62812993325
62812993231
62812993242
62812993252
62812993262
62812993282
62812993272
62812993314
62812993303
62812993315
62812993293
62812993253
62812993243
62812993263
62812993283
62812993273
62812993304
62812993316
62812993294
62812993244
62812993264
62812993254
62812993284
62812993305
62812993274
62812993317
62812993265
62812993235
62812993295
62812993224
62812993292
62812993269
62812993310
62812993261
62812993281
62812993271
62812993313
62812949051
62812949041
62812949061
62812949092
62812949081
62812949071
62812949122
62812949132
62812949112
62812949102
62812949020
62812949021
62812949022
62812949023
62812949024
62812949053
62812949043
62812949063
62812949083
62812949073
62812949124
62812949114
62812949134
62812949104
62812949094
62812949054
62812949044
62812949034
62812949064
62812949084
62812949074
62812949125
62812949115
62812949105
62812949095
62812949056
62812949046
62812949036
62812949066
62812949077
62812949087
62812949086
62812949076
62812949127
62812949117
62812949107
62812949097
62812949045
62812949055
62812949035
62812949065
62812949085
62812949075
62812949126
62812949116
62812949106
62812949096
62812949038
62812949048
62812949068
62812949058
62812949078
62812949129
62812949120
62812949109
62812949099
62812949047
62812949037
62812949067
62812949057
62812949088
62812949128
62812949118
62812949108
62812949098
62812949050
62812949060
62812949080
62812949070
62812949131
62812949101
62812949049
62812949039
62812949059
62812949089
62812949079
62812949069
62812949121
62812949130
62812949110
62812949100
62812949052
62812949042
62812949062
62812949093
62812949082
62812949072
62812949133
62812949113
62812949103
62812528681
62812528722
62812528702
62812528752
62812528732
62812528696
62812528736
62812528746
62812528655
62812528675
62812528672
62812528662
62812528682
62812528693
62812528714
62812528724
62812528734
62812528754
62812528694
62812528704
62812528663
62812528744
62812528673
62812528683
62812526539
62812581965
62812581975
62812581984
62812581994
62812528715
62812528725
62812528745
62812528706
62812528674
62812528705
62812528735
62812528654
62812528664
62812528684
62812528695
62812528718
62812528728
62812528708
62812528698
62812528738
62812528748
62812528667
62812528657
62812528677
62812528688
62812528727
62812528747
62812528676
62812528707
62812528697
62812528737
62812528717
62812528656
62812528703
62812528743
62812528733
62812528665
62812528710
62812528730
62812528750
62812528740
62812528700
62812528669
62812528680
62812528660
62812528670
62812528711
62812528731
62812528691
62812528701
62812528721
62812528751
62812528741
62812528692
62812528659
62812528679
62812528690
62812528720
62812528699
62812528709
62812528723
62812528753
62812528713
62812528719
62812528739
62812528749
62812528729
62812528658
62812528689
62812528716
62812528726
62812528661
62812528712
62812528742
62812528671
62812993206
62812993156
62812993186
62812993176
62812993146
62812993125
62812993196
62812993216
62812993166
62812993136
62812993207
62812993157
62812993147
62812993187
62812993177
62812993126
62812993197
62812993167
62812993137
62812993217
62812993208
62812993158
62812993148
62812993178
62812993127
62812993198
62812993188
62812993218
62812993138
62812993171
62812993161
62812993203
62812993163
62812993153
62812993183
62812993173
62812993133
62812993122
62812993193
62812993143
62812993204
62812993214
62812993164
62812349963
62812993154
62812993184
62812993174
62812993194
62812993144
62812993215
62812993205
62812993155
62812993134
62812993185
62812993175
62812993124
62812993195
62812993145
62812993165
62812993135
62812349919
62812349907
62812993219
62812993169
62812993139
62812993210
62812993170
62812993160
62812993150
62812993180
62812993129
62812993200
62812993190
62812993220
62812993140
62812993211
62812993201
62812993212
62812993202
62812993172
62812993162
62812993152
62812993182
62812993121
62812993192
62812993142
62812993213
62812993151
62812993181
62812993130
62812993191
62812993221
62812993141
62812993209
62812993159
62812993149
62812993179
62812993128
62812993199
62812993189
62812295374
62812295425
62812295411
62812295451
62812295441
62812295421
62812295431
62812295391
62812295361
62812295381
62812295371
62812295452
62812295442
62812295422
62812295432
62812295402
62812295392
62812295362
62812526548
62812526479
62812295377
62812295459
62812295448
62812295418
62812295428
62812295398
62812295388
62812295368
62812295408
62812295378
62812295460
62812295449
62812295439
62812295419
62812295429
62812295399
62812295389
62812295369
62812295409
62812295379
62812289987
62812289965
62812289954
62812289943
62812295461
62812295450
62812295440
62812295420
62812295430
62812295400
62812295390
62812295370
62812295410
62812295415
62812295435
62812295395
62812295365
62812295405
62812295385
62812295375
62812295457
62812295446
62812295426
62812295416
62812295396
62812295366
62812295406
62812295386
62812295376
62812295438
62812295458
62812295447
62812295417
62812295437
62812295427
62812295397
62812295387
62812295367
62812295407
62812295382
62812295372
62812295412
62812295401
62812295453
62812295443
62812295423
62812295413
62812295433
62812295403
62812295393
62812295363
62812295383
62812295373
62812295424
62812295414
62812295434
62812295394
62812295364
62812295404
62812295384
62812292851
62812292825
62812292826
62812292817
62812292818
62812292820
62812292816
62812292821
62812292794
62812292822
62812292823
62812292824
62812292830
62812292832
62812292833
62812292834
62812292835
62812292836
62812292837
62812292838
62812292784
62812292785
62812292786
62812292787
62812292839
62812292840
62812292783
62812292758
62812292759
62812292760
62812292761
62812292762
62812292763
62812292764
62812292765
62812292766
62812292767
62812292768
62812292795
62812292769
62812292770
62812292827
62812292841
62812292842
62812292831
62812526508
62812292808
62812292809
62812292810
62812292811
62812292813
62812292771
62812292773
62812292774
62812292775
62812292776
62812292778
62812292779
62812292780
62812292781
62812292848
62812292849
62812292850
62812292796
62812292800
62812292845
62812292798
62812292799
62812292801
62812292802
62812292806
62812292846
62812292804
62812292847
62812292803
62812292814
62812292815
62812292843
62812292844
62812292751
62812292752
62812292753
62812292754
62812292756
62812292757
62812292788
62812292790
62812292791
62812292792
62812292793
62812292819
62812292894
62812292895
62812292875
62812996612
62812996626
62812996554
62812292782
62812292807
62812292805
62812998944
62812998985
62812998996
62812337048
62812337028
62812337089
62812337099
62812337079
62812337058
62812337038
62812337068
62812337029
62812337100
62812337049
62812337069
62812337080
62812337047
62812337088
62812337098
62812337037
62812337057
62812337027
62812337078
62812337067
62812997982
62812997971
62812997973
62812998975
62812337039
62812337059
62812337076
62812337096
62812337035
62812337045
62812337086
62812337055
62812337025
62812337095
62812337075
62812337034
62812337064
62812337044
62812337085
62812337026
62812337097
62812337036
62812337066
62812337046
62812337087
62812337056
62812337077
62812337065
62812337091
62812337030
62812337040
62812337060
62812337101
62812337081
62812337050
62812337020
62812998995
62812998964
62812998954
62812337054
62812337024
62812337084
62812337094
62812337043
62812337063
62812337053
62812337033
62812337074
62812337023
62812337093
62812337062
62812337032
62812337073
62812337042
62812337022
62812337052
62812337090
62812337092
62812337031
62812337041
62812337061
62812337072
62812337082
62812337051
62812337021
62812337083
62812998965
62812998955
62812998945
62812998986
62812342091
62812998976
62812998997
62812998966
62812998956
62812998946
62812337181
62812337174
62812337133
62812337103
62812337115
62812337145
62812337140
62812337108
62812337118
62812337179
62812337201
62812337165
62812337186
62812337196
62812337155
62812337176
62812337135
62812337105
62812337125
62812337122
62812337138
62812337148
62812337199
62812337158
62812337189
62812337128
62812337193
62812337161
62812337112
62812342032
62812342082
62812342031
62812337130
62812337120
62812337110
62812337150
62812337137
62812337157
62812337147
62812337167
62812337188
62812337198
62812337178
62812337107
62812337127
62812337136
62812337106
62812337102
62812337173
62812337132
62812337152
62812337162
62812337142
62812337183
62812337170
62812337191
62812337160
62812337134
62812337114
62812337104
62812337185
62812337175
62812337124
62812337113
62812337194
62812337163
62812337184
62812337143
62812337153
62812337146
62812337187
62812337116
62812337166
62812337156
62812337197
62812337177
62812337126
62812337119
62812337109
62812337149
62812337180
62812337139
62812337169
62812337200
62812337159
62812337190
62812337129
62812337131
62812337151
62812337182
62812337202
62812337192
62812337141
62812337121
62812342072
62812342042
62812337154
62812337195
62812337144
62812337164
62812496305
62812496295
62812496285
62812496275
62812496278
62812496268
62812496358
62812496338
62812496328
62812496318
62812496309
62812496299
62812496289
62812496279
62812496269
62812496359
62812496349
62812496339
62812496329
62812496324
62812293918
62812293928
62812293908
62812293898
62812496343
62812496353
62812496273
62812496283
62812496293
62812496303
62812496302
62812496292
62812496282
62812496272
62812496362
62812496352
62812496332
62812496322
62812496313
62812496342
62812496265
62812496355
62812496335
62812496325
62812496306
62812496296
62812496286
62812496276
62812496266
62812496356
62812496346
62812496315
62812496326
62812496316
62812496307
62812496314
62812496304
62812496294
62812496361
62812496341
62812496284
62812496274
62812496267
62812496357
62812496347
62812496337
62812496327
62812496317
62812496308
62812496298
62812496288
62812496348
62812496291
62812496271
62812496281
62812496351
62812496331
62812496321
62812496312
62812496319
62812496323
62812496264
62812496354
62812496344
62812496334
62812496297
62812496287
62812496277
62812496310
62812496300
62812496290
62812496280
62812496270
62812496360
62812496350
62812496340
62812496330
62812496320
62812496311
62812496301
62812348784
62812348817
62812348828
62812348806
62812348764
62812348839
62812348861
62812348850
62812348773
62812348794
62812348805
62812348816
62812348783
62812348827
62812348763
62812348849
62812348838
62812348860
62812348772
62812348815
62812348793
62812348804
62812348782
62812348826
62812348762
62812348848
62812348837
62812348859
62812348771
62812348761
62812348792
62812348814
62812348781
62812348803
62812348825
62812348847
62812348836
62812348858
62812348760
62812348791
62812348813
62812348780
62812348802
62812348824
62812348770
62812348846
62812348835
62812348857
62812348769
62812348790
62812348779
62812348834
62812348801
62812348823
62812348845
62812348759
62812348856
62812348810
62812348832
62812348799
62812348768
62812348821
62812348843
62812348758
62812348854
62812348757
62812348798
62812348767
62812348809
62812348831
62812348820
62812348842
62812348853
62812348797
62812348786
62812348774
62812348795
62812348808
62812348776
62812348830
62812348819
62812348766
62812348841
62812348756
62812348852
62812348775
62812348785
62812348807
62812348829
62812348765
62812348840
62812348755
62812348851
62812348796
62812996604
62812996615
62812996623
62812996601
62812996593
62812526530
62812967547
62812967477
62812967487
62812967497
62812967507
62812967054
62812967024
62812967034
62812967056
62812967046
62812967515
62812967525
62812967535
62812967545
62812967565
62812967485
62812967495
62812967505
62812967514
62812967524
62812967534
62812967544
62812967554
62812967564
62812967473
62812967484
62812967494
62812967516
62812967526
62812967536
62812967546
62812967556
62812967566
62812967476
62812967486
62812967496
62812967506
62812967517
62812967527
62812967537
62812967522
62812967532
62812967542
62812967552
62812967562
62812967471
62812967482
62812967492
62812967502
62812967512
62812967531
62812967541
62812967551
62812967561
62812967470
62812967481
62812967533
62812967501
62812967491
62812967523
62812967493
62812967511
62812967543
62812967553
62812967563
62812967472
62812967483
62812967503
62812967513
62812967504
62812967519
62812967558
62812967529
62812967539
62812967549
62812967559
62812967468
62812967479
62812967489
62812967499
62812967509
62812967518
62812967538
62812967488
62812967548
62812967467
62812967478
62812967520
62812967498
62812967508
62812967540
62812967530
62812967550
62812967480
62812967500
62812967490
62812967510
62812967521
62812967469
62812967560
62812996391
62812996401
62812996381
62812996421
62812996411
62812996361
62812996351
62812996341
62812996331
62812996372
62812996392
62812996402
62812996422
62812996412
62812996382
62812996362
62812996403
62812996332
62812996373
62812996393
62812996413
62812996383
62812996423
62812996342
62812996352
62812996353
62812996323
62812996404
62812996417
62812996327
62812996357
62812996368
62812996347
62812996337
62812996388
62812996398
62812996408
62812996418
62812996378
62812996358
62812996369
62812996348
62812996338
62812996328
62812996389
62812996399
62812996379
62812996419
62812996409
62812996359
62812996339
62812996370
62812996329
62812996390
62812996400
62812996420
62812996380
62812996410
62812996349
62812292285
62812292307
62812292338
62812292241
62812996374
62812996343
62812996384
62812996394
62812996414
62812996354
62812996365
62812996375
62812996344
62812996334
62812996385
62812996395
62812996405
62812996415
62812996324
62812996355
62812996366
62812996335
62812996386
62812996396
62812996406
62812996416
62812996325
62812996376
62812996326
62812996356
62812996367
62812996377
62812996346
62812996387
62812996397
62812996407
62812996350
62812996360
62812996371
62812996340
62812996330
62812579695
62812579675
62812579685
62812579726
62812579736
62812579766
62812579716
62812579706
62812579746
62812579756
62812579694
62812579674
62812579684
62812579725
62812579735
62812579765
62812579705
62812579715
62812579745
62812579755
62812579676
62812579686
62812579693
62812579673
62812579683
62812579734
62812579764
62812579724
62812579704
62812579714
62812579744
62812579754
62812492988
62812492941
62812492951
62812492971
62812492920
62812492991
62812492978
62812492927
62812492917
62812579677
62812579738
62812579708
62812579698
62812579768
62812579718
62812579687
62812579728
62812579748
62812579758
62812579688
62812579729
62812579739
62812579699
62812579769
62812579719
62812579709
62812579749
62812579759
62812579681
62812579689
62812579679
62812579730
62812579740
62812579710
62812579700
62812579770
62812579720
62812579750
62812579760
62812579690
62812579680
62812579731
62812579741
62812579761
62812579721
62812579701
62812579711
62812579771
62812579751
62812579762
62812579772
62812579732
62812579691
62812579722
62812579702
62812579712
62812579742
62812579752
62812579692
62812579682
62812579672
62812579723
62812579733
62812579763
62812579703
62812579713
62812579743
62812579753
62812357922
62812357932
62812357942
62812357952
62812357962
62812357983
62812357993
62812357923
62812357972
62812357933
62812357943
62812357953
62812357963
62812357973
62812357984
62812357994
62812357925
62812357935
62812357945
62812357955
62812357965
62812357975
62812357986
62812357996
62812357924
62812357934
62812357944
62812357954
62812357964
62812357974
62812357985
62812357995
62812336020
62812265973
62812357978
62812357989
62812357919
62812357929
62812357939
62812357949
62812357959
62812357969
62812357990
62812357920
62812357930
62812357940
62812357950
62812357960
62812357970
62812357981
62812357991
62812357921
62812357931
62812357941
62812357951
62812357961
62812357971
62812357982
62812357992
62812265982
62812265992
62812265962
62812265972
62812265971
62812265961
62812265991
62812265981
62812265980
62812265990
62812265993
62812336058
62812336049
62812336039
62812336059
62812336029
62812265983
62812265963
62812357916
62812357926
62812357936
62812357946
62812357956
62812357966
62812357976
62812357987
62812357917
62812357927
62812357937
62812357947
62812357957
62812357967
62812357977
62812357988
62812357998
62812357918
62812357928
62812357938
62812357948
62812357958
62812357968
62812523716
62812523717
62812523718
62812523719
62812523720
62812523687
62812523688
62812523689
62812523691
62812523692
62812523693
62812523694
62812523695
62812523696
62812523697
62812523698
62812523699
62812523700
62812523701
62812523702
62812523703
62812523732
62812523733
62812523725
62812523726
62812523727
62812523729
62812523730
62812523731
62812523714
62812523723
62812523690
62812523724
62812523704
62812523728
62812523735
62812523736
62812523707
62812523739
62812523708
62812523706
62812523709
62812523710
62812523712
62812523713
62812523715
62812523734
62812523711
62812523748
62812523749
62812523750
62812523751
62812523752
62812523753
62812523754
62812523755
62812523756
62812523757
62812523758
62812523759
62812523721
62812523722
62812523683
62812523684
62812523685
62812523686
62812523740
62812523741
62812523742
62812523743
62812523744
62812523745
62812523746
62812523747
62812523659
62812523661
62812523662
62812523664
62812523665
62812523667
62812523668
62812523669
62812523670
62812523671
62812523672
62812523673
62812523674
62812523675
62812523676
62812523677
62812523679
62812523680
62812523681
62812523682
62812336032
62812336022
62812336021
62812336031
62812526571
62812526560
62812259904
62812259851
62812259892
62812259820
62812259881
62812259838
62812259840
62812259810
62812259830
62812259870
62812259860
62812259903
62812259891
62812259850
62812259880
62812259819
62812259809
62812259829
62812259839
62812259869
62812259859
62812259849
62812259890
62812259902
62812259879
62812259818
62812259808
62812259828
62812259868
62812259858
62812259814
62812259824
62812259844
62812259834
62812259853
62812259864
62812259854
62812259907
62812259884
62812259895
62812259846
62812259806
62812259826
62812259836
62812259866
62812259856
62812259876
62812259897
62812259886
62812259815
62812259845
62812259805
62812259865
62812339061
62812339051
62812339031
62812259855
62812259885
62812259896
62812526510
62812526500
62812259823
62812259813
62812259843
62812259833
62812259863
62812259873
62812259894
62812259906
62812259883
62812259822
62812259842
62812259832
62812259872
62812259862
62812259905
62812259852
62812259893
62812259882
62812259821
62812259831
62812259841
62812259811
62812259871
62812259861
62812259848
62812259901
62812259835
62812259878
62812259817
62812259807
62812259827
62812259837
62812259867
62812259857
62812259875
62812259847
62812259887
62812259877
62812259816
62812264911
62812264844
62812256997
62812264824
62812264880
62812264916
62812264855
62812264865
62812264847
62812364976
62812264870
62812264860
62812264850
62812264839
62812264881
62812264902
62812264830
62812264820
62812264892
62812264829
62812264895
62812264901
62812256998
62812264906
62812264819
62812264891
62812264889
62812264827
62812264817
62812264909
62812264868
62812264837
62812264858
62812264861
62812264851
62812264840
62812264871
62812264882
62812264903
62812264893
62812264831
62812264821
62812264913
62812264872
62812264862
62812264852
62812264841
62812264883
62812264904
62812264832
62812264894
62812264822
62812264833
62812264823
62812264915
62812264905
62812264874
62812264854
62812264864
62812264843
62812264885
62812264875
62812264896
62812264834
62812264836
62812264908
62812264867
62812264846
62812264857
62812264816
62812264826
62812264887
62812264898
62812264877
62812264845
62812264866
62812264876
62812264897
62812264886
62812264835
62812264825
62812264907
62812264856
62812264815
62812264838
62812264859
62812264869
62812264910
62812264818
62812264828
62812264890
62812264900
62812264879
62812264914
62812264873
62812264863
62812264853
62812264899
62812264842
62812264878
62812264925
62812264935
62812264945
62812264956
62812264966
62812264986
62812264996
62812324941
62812324992
62812324962
62812324982
62812324920
62812324930
62812324910
62812324951
62812324971
62812324940
62812324991
62812324961
62812324981
62812364975
62812364995
62812264920
62812264930
62812264940
62812264951
62812264971
62812264981
62812264991
62812264919
62812264929
62812264939
62812264960
62812264970
62812264980
62812264990
62812264918
62812264928
62812264938
62812264948
62812264959
62812264969
62812264979
62812264989
62812264917
62812264927
62812264937
62812264947
62812264958
62812264968
62812264978
62812264988
62812264998
62812264924
62812264934
62812264944
62812264955
62812264965
62812264975
62812264985
62812264995
62812264923
62812264933
62812264943
62812264954
62812264964
62812264974
62812264984
62812264922
62812264932
62812264942
62812264953
62812264963
62812264973
62812264983
62812264993
62812264921
62812264931
62812264941
62812264952
62812264962
62812264972
62812264982
62812264992
62812324919
62812324929
62812324909
62812324970
62812324939
62812324990
62812324960
62812324980
62812264926
62812264936
62812264946
62812264957
62812264967
62812264977
62812264987
62812264997
62812270260
62812270240
62812270311
62812270321
62812270250
62812270280
62812270290
62812270300
62812270259
62812270269
62812270239
62812270310
62812270320
62812270249
62812270279
62812270289
62812270299
62812270258
62812270268
62812270238
62812270309
62812270319
62812270329
62812270248
62812270278
62812270288
62812270298
62812270257
62812270267
62812270237
62812270247
62812270308
62812270318
62812270328
62812270277
62812270287
62812270297
62812270262
62812270232
62812270242
62812270313
62812270323
62812270252
62812270272
62812270282
62812270292
62812270302
62812270261
62812270231
62812270241
62812270312
62812270322
62812270251
62812270271
62812270281
62812270291
62812270301
62812270255
62812270265
62812270235
62812270245
62812270306
62812270316
62812270326
62812270275
62812270295
62812270285
62812270256
62812270266
62812270236
62812270246
62812270307
62812270317
62812270327
62812270276
62812270286
62812270296
62812270253
62812270263
62812270233
62812270243
62812270314
62812270324
62812270273
62812270283
62812270293
62812270254
62812270264
62812270244
62812270315
62812270325
62812270274
62812270284
62812270294
62812270305
62812282997
62812279807
62812279827
62812279817
62812526511
62812220988
62812220998
62812220929
62812220939
62812220949
62812220959
62812220969
62812220979
62812220989
62812220930
62812220940
62812220950
62812220960
62812220970
62812220980
62812220931
62812220941
62812220951
62812220961
62812220971
62812220981
62812220991
62812220952
62812220962
62812220972
62812220955
62812220935
62812220945
62812220993
62812220925
62812526481
62812220965
62812220975
62812220985
62812220995
62812220924
62812220934
62812220944
62812220954
62812220964
62812220974
62812220984
62812220994
62812220927
62812220937
62812220947
62812220957
62812220967
62812220977
62812220997
62812220926
62812220936
62812220956
62812220966
62812220946
62812220976
62812220986
62812220996
62812220938
62812220948
62812220958
62812220968
62812220978
62812944533
62812327993
62812327983
62812327972
62812327989
62812327978
62812327990
62812327991
62812327981
62812327998
62812327988
62812327977
62812327987
62812327976
62812327996
62812327986
62812327975
62812220932
62812220922
62812220942
62812220982
62812220992
62812327992
62812327982
62812327995
62812327985
62812327974
62812327994
62812327973
62812220923
62812220933
62812220943
62812327984
62812220953
62812220963
62812220973
62812220983
62812521064
62812521094
62812521084
62812521105
62812521116
62812521127
62812521074
62812521159
62812521148
62812521063
62812521093
62812521083
62812521104
62812521115
62812521126
62812521137
62812521073
62812521147
62812521158
62812521062
62812521092
62812521082
62812521103
62812521114
62812521125
62812521136
62812521072
62812521029
62812521039
62812521059
62812521142
62812521153
62812521164
62812521078
62812521098
62812521088
62812521109
62812521120
62812521131
62812521068
62812521141
62812521152
62812521077
62812521163
62812521097
62812521087
62812521108
62812521119
62812521130
62812521067
62812521140
62812521151
62812521162
62812521096
62812521086
62812521107
62812521118
62812521129
62812521066
62812521076
62812521157
62812521071
62812521145
62812521156
62812521167
62812521080
62812521090
62812521101
62812521134
62812521070
62812521143
62812521154
62812521165
62812521079
62812521089
62812521099
62812521110
62812521121
62812521132
62812521069
62812521139
62812521150
62812521161
62812521095
62812521085
62812521106
62812521117
62812521128
62812521065
62812521075
62812521138
62812521149
62812521160
62812521146
62812521081
62812521091
62812521102
62812521113
62812521124
62812521135
62812521030
62812521040
62812521060
62812521050
62812521020
62812521049
62812521298
62812521319
62812521329
62812521339
62812521359
62812521369
62812521349
62812521278
62812521308
62812521287
62812521297
62812521307
62812521318
62812521328
62812521338
62812521336
62812521289
62812521299
62812521309
62812521330
62812521340
62812521320
62812521350
62812521360
62812521370
62812521279
62812521288
62812521323
62812521353
62812521363
62812521343
62812521291
62812521301
62812521311
62812521322
62812521332
62812521342
62812521352
62812521358
62812521368
62812521277
62812521348
62812521293
62812521303
62812521324
62812521334
62812521354
62812521364
62812521273
62812521283
62812521344
62812521356
62812521366
62812521275
62812521346
62812521294
62812521304
62812521315
62812521365
62812521325
62812521335
62812521274
62812521286
62812521337
62812521306
62812521355
62812521284
62812521317
62812521327
62812521357
62812521367
62812521362
62812521372
62812521281
62812521290
62812521300
62812521310
62812521321
62812521341
62812521351
62812521361
62812521371
62812521280
62812521373
62812521302
62812521312
62812521276
62812521347
62812521296
62812521285
62812521295
62812521305
62812521316
62812521326
62812809856
62812809846
62812809866
62812809836
62812809826
62812809886
62812809876
62812809920
62812809909
62812809897
62812809857
62812809847
62812809837
62812809827
62812809887
62812809877
62812809867
62812809921
62812809910
62812809858
62812809848
62812809923
62812809893
62812809853
62812809823
62812809843
62812809838
62812809868
62812809878
62812809852
62812809822
62812809842
62812809862
62812809832
62812809882
62812809872
62812809916
62812809905
62812809917
62812809906
62812809894
62812809854
62812809824
62812809844
62812809864
62812809834
62812809884
62812809825
62812809874
62812809918
62812809907
62812809895
62812809855
62812809845
62812809865
62812809835
62812809885
62812809875
62812809919
62812809908
62812809896
62812809863
62812809833
62812809883
62812809873
62812809912
62812809901
62812809859
62812809849
62812809839
62812809829
62812809890
62812809879
62812809869
62812809924
62812809913
62812809902
62812809850
62812809840
62812809830
62812809891
62812809880
62812809870
62812809925
62812809914
62812809903
62812809860
62812137970
62812137981
62812639956
62812809851
62812809821
62812809861
62812809841
62812809831
62812809892
62812809881
62812809871
62812809915
62812809904
62812362063
62812362043
62812362083
62812362093
62812362060
62812362030
62812362040
62812362100
62812362070
62812362050
62812362090
62812362080
62812362029
62812362039
62812362099
62812362069
62812362089
62812362049
62812362079
62812362059
62812362058
62812362028
62812362038
62812362098
62812362068
62812362048
62812362088
62812362078
62812362066
62812362046
62812362086
62812362096
62812362055
62812362025
62812362035
62812362105
62812362065
62812362045
62812362085
62812362095
62812362075
62812362054
62812362024
62812362034
62812362104
62812362064
62812362044
62812362084
62812362094
62812362074
62812362053
62812362023
62812362033
62812362073
62812362103
62812362062
62812362072
62812362042
62812362092
62812362052
62812362082
62812362031
62812362101
62812362061
62812362071
62812362041
62812362051
62812362091
62812523992
62812361986
62812361996
62812361988
62812361990
62812361995
62812362057
62812362027
62812362107
62812362067
62812362047
62812362087
62812362097
62812362037
62812362077
62812362076
62812362022
62812362081
62812362056
62812362026
62812362036
62812362106
62812362032
62812362102
62812361994
62812361992
62812361989
62812361987
62812523972
62812523982
62812361997
62812526529
62812523934
62812523945
62812523955
62812523923
62812523862
62812523872
62812523882
62812523893
62812523903
62812523944
62812523933
62812523954
62812523913
62812495839
62812495849
62812495860
62812523861
62812523871
62812523953
62812523892
62812523902
62812523922
62812523932
62812523943
62812523912
62812523865
62812523926
62812523906
62812523864
62812523874
62812523884
62812523895
62812523925
62812523905
62812523935
62812523946
62812523956
62812523915
62812523924
62812523863
62812523873
62812523904
62812523914
62812523894
62812523908
62812523959
62812523938
62812523898
62812523887
62812523949
62812523928
62812523877
62812523867
62812523927
62812523917
62812523907
62812523958
62812523937
62812523897
62812523948
62812523886
62812523876
62812523866
62812523916
62812523957
62812523936
62812523896
62812523947
62812523885
62812523875
62812523961
62812523910
62812523941
62812523930
62812523920
62812523900
62812523890
62812523951
62812523879
62812523869
62812523911
62812523909
62812523960
62812523929
62812523919
62812523901
62812523899
62812523889
62812523950
62812523878
62812523868
62812523918
62812523962
62812523942
62812523931
62812523921
62812523891
62812523952
62812523881
62812523870
62812364879
62812364890
62812364885
62812364946
62812364957
62812364967
62812364916
62812364926
62812364936
62812364896
62812364906
62812364875
62812364947
62812364897
62812364927
62812364866
62812364876
62812364886
62812364958
62812364917
62812364937
62812364907
62812364959
62812364918
62812364928
62812364938
62812364898
62812364908
62812364877
62812364887
62812364948
62812364867
62812364962
62812364921
62812364931
62812364901
62812364911
62812364870
62812364880
62812364891
62812364943
62812364954
62812364964
62812364923
62812364933
62812364903
62812364913
62812364872
62812364882
62812364893
62812364871
62812364940
62812364951
62812364930
62812364961
62812364920
62812364900
62812364910
62812364869
62812364955
62812364924
62812364934
62812364894
62812364904
62812364914
62812364883
62812364873
62812364942
62812364953
62812364963
62812364922
62812364932
62812364902
62812364912
62812364881
62812364892
62812364941
62812364952
62812364960
62812364919
62812364929
62812364939
62812364899
62812364909
62812364868
62812364878
62812364889
62812364945
62812364956
62812364966
62812364915
62812364925
62812364935
62812364895
62812364905
62812364874
62812495838
62812495848
62812495869
62812526570
62812281337
62812281428
62812281367
62812281397
62812281347
62812281357
62812281380
62812281390
62812281421
62812281410
62812281340
62812281431
62812281370
62812281360
62812281400
62812281350
62812278773
62812278826
62812278772
62812281379
62812281389
62812281420
62812281409
62812281339
62812281430
62812281369
62812281399
62812281359
62812281349
62812281366
62812281356
62812281346
62812281385
62812281375
62812281395
62812281416
62812281405
62812281426
62812281335
62812281365
62812281355
62812281378
62812281388
62812281419
62812281408
62812281338
62812281429
62812281368
62812281398
62812281358
62812281348
62812281387
62812281377
62812281418
62812281407
62812281404
62812281334
62812281374
62812281364
62812281354
62812281413
62812281383
62812281393
62812281403
62812281373
62812281363
62812281353
62812281343
62812281344
62812281386
62812281376
62812281396
62812281417
62812281406
62812281336
62812281425
62812281382
62812281362
62812281423
62812281402
62812281412
62812281332
62812281342
62812281372
62812281352
62812281381
62812281432
62812281391
62812281422
62812281401
62812281411
62812281341
62812281371
62812281361
62812281351
62812281384
62812281394
62812526509
62812526549
62812526550
62812263922
62812263912
62812263881
62812263892
62812263932
62812263973
62812263903
62812263895
62812263956
62812263935
62812263946
62812263925
62812263905
62812263915
62812263884
62812263976
62812263966
62812278752
62812278762
62812263904
62812263955
62812263934
62812263945
62812263924
62812263914
62812263894
62812263975
62812263965
62812263891
62812263880
62812263931
62812263972
62812263970
62812263954
62812263930
62812263933
62812263944
62812263913
62812263893
62812263882
62812263923
62812263974
62812263964
62812263902
62812263963
62812263953
62812263943
62812263878
62812263929
62812263898
62812263959
62812263949
62812263938
62812263928
62812263908
62812263887
62812263877
62812263918
62812263969
62812263900
62812263961
62812263971
62812263951
62812263941
62812263879
62812263920
62812263890
62812263910
62812263901
62812263962
62812263952
62812263942
62812263921
62812263911
62812263897
62812263958
62812263948
62812263937
62812263917
62812263886
62812263876
62812263907
62812263927
62812263968
62812263896
62812263875
62812263936
62812263947
62812263926
62812263916
62812263906
62812263885
62812263957
62812263967
62812263899
62812263960
62812263950
62812263909
62812263889
62812526499
62812289364
62812289354
62812289344
62812289415
62812289405
62812289334
62812289324
62812289395
62812289387
62812289377
62812289367
62812289357
62812289347
62812289418
62812289408
62812289337
62812289327
62812289398
62812278763
62812278783
62812278794
62812278816
62812278827
62812289386
62812289376
62812289366
62812289356
62812289346
62812289417
62812289323
62812289392
62812289382
62812289372
62812289362
62812289352
62812289423
62812289413
62812289342
62812289332
62812289403
62812289385
62812289375
62812289365
62812289355
62812289416
62812289406
62812289335
62812289396
62812289384
62812289374
62812289407
62812289336
62812289326
62812289397
62812289338
62812289399
62812289391
62812289381
62812289371
62812289361
62812289351
62812289422
62812289412
62812289341
62812289402
62812289331
62812289390
62812289380
62812289370
62812289360
62812289350
62812289421
62812289411
62812289325
62812289340
62812289330
62812289401
62812289383
62812289373
62812289363
62812289353
62812289343
62812289414
62812289404
62812289389
62812289379
62812289369
62812289349
62812289420
62812289410
62812289329
62812289400
62812289388
62812289378
62812289368
62812289358
62812289348
62812289419
62812289409
62812289359
62812339566
62812339526
62812339562
62812339579
62812339563
62812339560
62812339552
62812339527
62812339536
62812339535
62812339574
62812339538
62812339581
62812339583
62812339580
62812339578
62812339522
62812339568
62812339561
62812339565
62812339511
62812339575
62812587201
62812339497
62812339500
62812339492
62812339496
62812339489
62812339491
62812339490
62812339488
62812339530
62812339529
62812339541
62812339547
62812339546
62812339545
62812339544
62812824674
62812824715
62812824725
62812824735
62812824704
62812824654
62812824744
62812339501
62812339564
62812339582
62812339577
62812339550
62812339549
62812339554
62812339537
62812339506
62812339570
62812339509
62812339510
62812339507
62812339502
62812339513
62812339584
62812339519
62812339516
62812339521
62812339518
62812339514
62812339539
62812339571
62812339572
62812339505
62812339504
62812339512
62812339523
62812339524
62812339533
62812339498
62812339525
62812339540
62812339576
62812339508
62812339586
62812339569
62812339556
62812339543
62812339557
62812339573
62812339585
62812339542
62812339532
62812339531
62812339553
62812339551
62812339548
62812339486
62812339487
62812339528
62812339499
62812339493
62812526480
62812526540
62812353297
62812353308
62812353237
62812353247
62812353287
62812353277
62812353257
62812353267
62812353319
62812353307
62812353236
62812353246
62812353256
62812353329
62812353286
62812353296
62812353276
62812353266
62812353318
62812353281
62812353271
62812353302
62812353241
62812353251
62812353291
62812353261
62812353313
62812353324
62812353301
62812353240
62812353312
62812353250
62812353290
62812353280
62812353260
62812353270
62812353323
62812353299
62812353310
62812353239
62812353249
62812353289
62812353279
62812353269
62812353321
62812353298
62812353309
62812353238
62812353248
62812353288
62812353278
62812353258
62812353268
62812353320
62812353243
62812353253
62812353326
62812353293
62812353273
62812353263
62812353315
62812353282
62812353303
62812353242
62812353292
62812353272
62812353262
62812353314
62812353325
62812353283
62812353304
62812353295
62812353275
62812353265
62812353317
62812353284
62812353305
62812353244
62812353254
62812353327
62812353294
62812353274
62812353264
62812353316
62812523968
62812523978
62812523988
62812523969
62812523979
62812523981
62812523991
62812353020
62812353028
62812353023
62812353306
62812353245
62812353255
62812353328
62812353285
62812526519
62812263841
62812263851
62812263861
62812263872
62812263783
62812263793
62812263803
62812263813
62812263874
62812263823
62812263833
62812263844
62812263854
62812263864
62812278782
62812278793
62812278804
62812278815
62812263782
62812263792
62812263802
62812263822
62812263873
62812263832
62812263843
62812263853
62812263863
62812263808
62812263818
62812263869
62812263778
62812263798
62812263828
62812263849
62812263859
62812263791
62812263801
62812263821
62812263811
62812263781
62812263831
62812263842
62812263852
62812263862
62812263810
62812263790
62812263820
62812263871
62812263780
62812263800
62812263830
62812263848
62812263868
62812263827
62812263837
62812263858
62812263786
62812263806
62812263816
62812263847
62812263776
62812263796
62812263826
62812263836
62812263857
62812263867
62812263809
62812263819
62812263870
62812263779
62812263799
62812263829
62812263850
62812263840
62812263860
62812263785
62812263805
62812263815
62812263846
62812263775
62812263795
62812263825
62812263835
62812263856
62812263866
62812263784
62812263804
62812263814
62812263845
62812263774
62812263794
62812263824
62812263834
62812263855
62812263865
62812263797
62812263787
62812263807
62812263817
62812526559
62812773237
62812773267
62812773257
62812773247
62812773177
62812773268
62812773187
62812773227
62812773217
62812773197
62812773207
62812773238
62812773210
62812773230
62812773190
62812773180
62812773241
62812773261
62812773251
62812773171
62812773201
62812773231
62812773242
62812773221
62812773211
62812773181
62812773252
62812773172
62812773202
62812773248
62812773262
62812773258
62812773191
62812773249
62812773169
62812773199
62812773229
62812773219
62812773209
62812773189
62812773179
62812773240
62812773260
62812773220
62812773250
62812773170
62812773200
62812773175
62812773185
62812773205
62812773225
62812773215
62812773195
62812773236
62812773266
62812773256
62812773246
62812773176
62812773206
62812773226
62812773216
62812773196
62812773186
62812773244
62812773174
62812773204
62812773214
62812773194
62812773184
62812773235
62812773265
62812773255
62812773245
62812331793
62812331864
62812331854
62812331844
62812331834
62812331824
62812331813
62812773178
62812773218
62812773208
62812773239
62812773198
62812773188
62812773259
62812773212
62812773192
62812773182
62812773253
62812773263
62812773243
62812773173
62812773203
62812773213
62812773183
62812773193
62812773264
62812773254
62812774697
62812774687
62812774677
62812774637
62812774627
62812774648
62812774718
62812774708
62812774668
62812774658
62812774698
62812774688
62812774638
62812774628
62812774649
62812774709
62812774719
62812774659
62812774685
62812774675
62812774705
62812774644
62812774635
62812774625
62812774716
62812774706
62812774656
62812774696
62812774645
62812774686
62812774676
62812774712
62812774722
62812774672
62812774662
62812774630
62812774651
62812774711
62812774721
62812774671
62812774692
62812774661
62812774691
62812774631
62812774701
62812774641
62812774702
62812774682
62812774652
62812774636
62812774669
62812774626
62812774667
62812774657
62812774704
62812774643
62812774634
62812774624
62812774715
62812774665
62812774655
62812774695
62812774699
62812774689
62812774679
62812774639
62812774680
62812774629
62812774650
62812774710
62812774720
62812774670
62812774660
62812774690
62812774700
62812774640
62812774681
62812578020
62812331802
62812331792
62812331863
62812331853
62812331843
62812774683
62812774632
62812774622
62812774653
62812774713
62812774663
62812774693
62812774673
62812774703
62812774642
62812774633
62812774684
62812774623
62812774714
62812774654
62812774694
62812774674
62812895973
62812895963
62812895902
62812895892
62812895952
62812895942
62812895932
62812895922
62812895912
62812895913
62812895984
62812895974
62812895964
62812895903
62812895893
62812895953
62812895943
62812895933
62812895923
62812895985
62812895975
62812895965
62812895904
62812895894
62812895954
62812895944
62812895934
62812895924
62812895914
62812895986
62812895976
62812895966
62812895905
62812895955
62812895945
62812895935
62812895925
62812895915
62812895938
62812895918
62812895980
62812895970
62812895899
62812895889
62812895949
62812895939
62812895929
62812895919
62812895909
62812895981
62812895971
62812895961
62812895900
62812895890
62812895950
62812895940
62812895930
62812895920
62812895910
62812895982
62812895972
62812895962
62812895901
62812895891
62812895951
62812895941
62812895931
62812895921
62812895911
62812895983
62812638966
62812638972
62812638982
62812638962
62812895977
62812895967
62812895906
62812895896
62812895956
62812895946
62812895936
62812895926
62812895916
62812895978
62812895968
62812895957
62812895907
62812895897
62812895886
62812895947
62812895937
62812895927
62812895917
62812895979
62812895969
62812895958
62812895908
62812895898
62812895887
62812895948
62812774441
62812774430
62812774517
62812774507
62812774463
62812774496
62812774452
62812774474
62812774478
62812774482
62812774459
62812774513
62812774503
62812774470
62812774492
62812774448
62812774449
62812774481
62812774416
62812774438
62812774514
62812774504
62812774471
62812774460
62812774493
62812774428
62812774417
62812774427
62812774443
62812774476
62812774487
62812774423
62812774434
62812774520
62812774510
62812774467
62812774500
62812774489
62812774439
62812774515
62812774505
62812774472
62812774461
62812774494
62812774450
62812774483
62812774429
62812774418
62812774440
62812774485
62812774516
62812774506
62812774473
62812774462
62812774495
62812774484
62812774451
62812774419
62812774512
62812774469
62812774502
62812774491
62812774458
62812774447
62812774480
62812774426
62812774415
62812774437
62812774420
62812774431
62812774486
62812774518
62812774508
62812774464
62812774497
62812774453
62812774442
62812774475
62812774421
62812774432
62812774519
62812774509
62812774465
62812774498
62812774454
62812331799
62812331860
62812774424
62812774413
62812774435
62812774511
62812774468
62812774501
62812774490
62812774457
62812774446
62812774479
62812774425
62812774414
62812774436
62812583169
62812583179
62812583149
62812583189
62812583139
62812583128
62812583159
62812583199
62812583209
62812583219
62812492998
62812492958
62812492968
62812492948
62812583191
62812583171
62812583181
62812583130
62812583141
62812583151
62812583161
62812583201
62812583211
62812583221
62812583190
62812583170
62812583180
62812583140
62812583129
62812583150
62812583160
62812583200
62812583210
62812583220
62812583193
62812583173
62812583183
62812583163
62812583133
62812583143
62812583153
62812583203
62812583213
62812583192
62812583172
62812583182
62812583162
62812583142
62812583152
62812583202
62812583212
62812583165
62812583185
62812583145
62812583135
62812583155
62812583205
62812583215
62812583225
62812583194
62812583174
62812583144
62812583184
62812583164
62812583134
62812583154
62812583204
62812583214
62812583224
62812583195
62812583175
62812583178
62812583148
62812583188
62812583138
62812583127
62812583158
62812583208
62812583218
62812583198
62812583167
62812583177
62812583147
62812583187
62812583137
62812583157
62812583207
62812583217
62812583227
62812583197
62812583176
62812583166
62812583146
62812583186
62812583136
62812583156
62812583206
62812583216
62812583226
62812583196
62812579605
62812579615
62812579635
62812579625
62812579645
62812579584
62812579594
62812579574
62812579616
62812579665
62812579621
62812579606
62812579655
62812579626
62812579646
62812579636
62812579656
62812579585
62812579575
62812579627
62812579637
62812579647
62812579576
62812579586
62812579597
62812579667
62812579607
62812579657
62812579618
62812579628
62812579638
62812579648
62812579577
62812579587
62812579598
62812579668
62812579658
62812579608
62812579617
62812579603
62812579613
62812579583
62812579593
62812579623
62812579633
62812579573
62812579643
62812579592
62812579663
62812579653
62812579572
62812492942
62812492952
62812492962
62812492982
62812579582
62812579604
62812579614
62812579624
62812579634
62812579644
62812579664
62812579654
62812579619
62812579629
62812579639
62812579588
62812579599
62812579649
62812579659
62812579609
62812579578
62812579600
62812579620
62812579630
62812579640
62812579589
62812579670
62812579650
62812579660
62812579610
62812579601
62812579611
62812579631
62812579641
62812579590
62812579671
62812579651
62812579661
62812579580
62812579602
62812579622
62812579612
62812579632
62812579642
62812579652
62812579662
62812579571
62812579581
62812579591
62812498792
62812498803
62812498781
62812498825
62812498771
62812498836
62812498847
62812498751
62812498761
62812498814
62812824743
62812824679
62812824709
62812824649
62812824659
62812498791
62812498802
62812498816
62812498813
62812498824
62812498770
62812498780
62812498846
62812498750
62812498760
62812498759
62812498845
62812498779
62812498769
62812498856
62812498823
62812498790
62812498801
62812498854
62812498768
62812498843
62812498758
62812498834
62812498794
62812498805
62812498783
62812498827
62812498773
62812498763
62812498838
62812498849
62812498753
62812498793
62812498815
62812498782
62812498826
62812498772
62812498804
62812498837
62812498848
62812498752
62812498762
62812498796
62812498807
62812498785
62812498818
62812498829
62812498851
62812498775
62812498765
62812498840
62812498755
62812498795
62812498806
62812498784
62812498817
62812498828
62812498850
62812498774
62812498764
62812498839
62812498754
62812498832
62812498799
62812498821
62812498831
62812498820
62812498798
62812498810
62812498853
62812498767
62812498835
62812498797
62812498842
62812498757
62812498809
62812498819
62812498786
62812498830
62812498808
62812498852
62812498766
62812498776
62812498841
62812498756
62812994722
62812994692
62812994702
62812994652
62812994672
62812994662
62812994641
62812994711
62812994731
62812994681
62812994721
62812994691
62812994701
62812994651
62812994671
62812994661
62812994640
62812771388
62812771318
62812771378
62812771307
62812994682
62812994735
62812994705
62812994655
62812994665
62812994675
62812994644
62812994684
62812994724
62812994714
62812994734
62812994694
62812994704
62812994654
62812994643
62812994674
62812994683
62812994723
62812994693
62812994713
62812994733
62812994703
62812994653
62812994673
62812994663
62812994642
62812994712
62812994732
62812994680
62812994690
62812994720
62812994710
62812994700
62812994650
62812994670
62812994660
62812994639
62812994729
62812994679
62812994689
62812994699
62812994709
62812994719
62812994649
62812994669
62812994659
62812994638
62812994728
62812994688
62812994708
62812994718
62812994658
62812994698
62812994668
62812994730
62812994637
62812994648
62812994727
62812994677
62812994687
62812994707
62812994717
62812994697
62812994657
62812994667
62812994636
62812994726
62812994676
62812994706
62812994686
62812994716
62812994696
62812994645
62812994656
62812994635
62812994685
62812994715
62812994695
62812994725
62812994468
62812994500
62812994520
62812994510
62812994530
62812994489
62812994478
62812994434
62812994498
62812994509
62812994519
62812994529
62812994487
62812994476
62812994432
62812994454
62812994465
62812771297
62812771348
62812994443
62812994467
62812994428
62812994439
62812994450
62812994461
62812994472
62812994493
62812994504
62812994524
62812994514
62812994449
62812994482
62812994438
62812994460
62812994471
62812994503
62812994523
62812994513
62812994533
62812994481
62812994437
62812994463
62812994474
62812994506
62812994516
62812994526
62812994462
62812994484
62812994495
62812994429
62812994440
62812994473
62812994451
62812994505
62812994525
62812994483
62812994515
62812994448
62812994459
62812994427
62812994494
62812994475
62812994508
62812994518
62812994528
62812994486
62812994497
62812994431
62812994442
62812994453
62812994464
62812994507
62812994517
62812994527
62812994485
62812994496
62812994430
62812994441
62812994452
62812994492
62812994470
62812994502
62812994522
62812994512
62812994532
62812994447
62812994480
62812994491
62812994436
62812994458
62812994469
62812994501
62812994511
62812994521
62812994531
62812994446
62812994490
62812994435
62812994479
62812994457
62812243121
62812243142
62812243052
62812243062
62812243042
62812243032
62812243036
62812243021
62812243046
62812243056
62812243066
62812243076
62812243086
62812243096
62812243106
62812243116
62812243126
62812243137
62812243047
62812243057
62812243067
62812243077
62812243087
62812243097
62812243107
62812243117
62812243127
62812243138
62812243048
62812243058
62812243068
62812243078
62812243088
62812243098
62812243108
62812243072
62812243082
62812243092
62812243102
62812243112
62812243122
62812243133
62812243143
62812243144
62812243053
62812243063
62812243073
62812243083
62812243093
62812243103
62812243134
62812243054
62812243074
62812243084
62812243094
62812243104
62812243114
62812243124
62812243135
62812243145
62812243055
62812243065
62812243075
62812243085
62812243095
62812243105
62812243115
62812243125
62812243136
62812243146
62812243118
62812243128
62812243139
62812243059
62812243069
62812243049
62812243064
62812243079
62812243089
62812243099
62812243109
62812243119
62812243129
62812243140
62812243050
62812243060
62812243070
62812243080
62812243090
62812243100
62812243110
62812243120
62812243130
62812243141
62812243051
62812243061
62812243071
62812243081
62812243091
